date,equity,tqqq_weight,core_value,tactical_cash,tqqq_value,in_campaign
1999-03-10,1.0,0.0,1.0,0.0,0.0,False
1999-03-11,1.0080115123186046,0.0,1.0080115123186046,0.0,0.0,False
1999-03-12,0.9909104316173184,0.0,0.9909104316173184,0.0,0.0,False
1999-03-15,1.0121978052830283,0.0,1.0121978052830283,0.0,0.0,False
1999-03-16,1.014568745236953,0.0,1.014568745236953,0.0,0.0,False
1999-03-17,1.0087232807582744,0.0,1.0087232807582744,0.0,0.0,False
1999-03-18,1.026617879399976,0.0,1.026617879399976,0.0,0.0,False
1999-03-19,1.0047702213989365,0.0,1.0047702213989365,0.0,0.0,False
1999-03-22,0.999608523054441,0.0,0.999608523054441,0.0,0.0,False
1999-03-23,0.9675872985570867,0.0,0.9675872985570867,0.0,0.0,False
1999-03-24,0.9867586522350803,0.0,0.9867586522350803,0.0,0.0,False
1999-03-25,1.0148669994288462,0.0,1.0148669994288462,0.0,0.0,False
1999-03-26,1.0057371008066882,0.0,1.0057371008066882,0.0,0.0,False
1999-03-29,1.034102472902153,0.0,1.034102472902153,0.0,0.0,False
1999-03-30,1.027776482085121,0.0,1.027776482085121,0.0,0.0,False
1999-03-31,1.011990521396871,0.0,1.011990521396871,0.0,0.0,False
1999-04-01,1.0263564003245769,0.0,1.0263564003245769,0.0,0.0,False
1999-04-05,1.0570700844598118,0.0,1.0570700844598118,0.0,0.0,False
1999-04-06,1.0568640735490158,0.0,1.0568640735490158,0.0,0.0,False
1999-04-07,1.055620827440969,0.0,1.055620827440969,0.0,0.0,False
1999-04-08,1.0665059621393786,0.0,1.0665059621393786,0.0,0.0,False
1999-04-09,1.069934184344561,0.0,1.069934184344561,0.0,0.0,False
1999-04-12,1.0720414994733267,0.0,1.0720414994733267,0.0,0.0,False
1999-04-13,1.0613488718190613,0.0,1.0613488718190613,0.0,0.0,False
1999-04-14,1.0342160952220834,0.0,1.0342160952220834,0.0,0.0,False
1999-04-15,1.039311725000459,0.0,1.039311725000459,0.0,0.0,False
1999-04-16,1.0197366726968438,0.0,1.0197366726968438,0.0,0.0,False
1999-04-19,0.9879484007538459,0.0,0.9879484007538459,0.0,0.0,False
1999-04-20,1.0053668854744862,0.0,1.0053668854744862,0.0,0.0,False
1999-04-21,1.0445513242777484,0.0,1.0445513242777484,0.0,0.0,False
1999-04-22,1.0636362985753298,0.0,1.0636362985753298,0.0,0.0,False
1999-04-23,1.0692957167277153,0.0,1.0692957167277153,0.0,0.0,False
1999-04-26,1.0846802108070142,0.0,1.0846802108070142,0.0,0.0,False
1999-04-27,1.0789741590803033,0.0,1.0789741590803033,0.0,0.0,False
1999-04-28,1.0531471376276085,0.0,1.0531471376276085,0.0,0.0,False
1999-04-29,1.0448544350132065,0.0,1.0448544350132065,0.0,0.0,False
1999-04-30,1.0439660901740035,0.0,1.0439660901740035,0.0,0.0,False
1999-05-03,1.0507815670656897,0.0,1.0507815670656897,0.0,0.0,False
1999-05-04,1.0349841005920877,0.0,1.0349841005920877,0.0,0.0,False
1999-05-05,1.054776631313632,0.0,1.054776631313632,0.0,0.0,False
1999-05-06,1.0323756355403297,0.0,1.0323756355403297,0.0,0.0,False
1999-05-07,1.0437025153128363,0.0,1.0437025153128363,0.0,0.0,False
1999-05-10,1.046338876480668,0.0,1.046338876480668,0.0,0.0,False
1999-05-11,1.0598842242400348,0.0,1.0598842242400348,0.0,0.0,False
1999-05-12,1.0750046934332596,0.0,1.0750046934332596,0.0,0.0,False
1999-05-13,1.0673453460821825,0.0,1.0673453460821825,0.0,0.0,False
1999-05-14,1.043392881552788,0.0,1.043392881552788,0.0,0.0,False
1999-05-17,1.0543639200383608,0.0,1.0543639200383608,0.0,0.0,False
1999-05-18,1.051033405766673,0.0,1.051033405766673,0.0,0.0,False
1999-05-19,1.0621163961107156,0.0,1.0621163961107156,0.0,0.0,False
1999-05-20,1.044325694978398,0.0,1.044325694978398,0.0,0.0,False
1999-05-21,1.0365897312970513,0.0,1.0365897312970513,0.0,0.0,False
1999-05-24,1.0147940376377154,0.0,1.0147940376377154,0.0,0.0,False
1999-05-25,0.9899549763384412,0.0,0.9899549763384412,0.0,0.0,False
1999-05-26,1.009280422025474,0.0,1.009280422025474,0.0,0.0,False
1999-05-27,1.001564665059771,0.0,1.001564665059771,0.0,0.0,False
1999-05-28,1.0162100117960025,0.0,1.0162100117960025,0.0,0.0,False
1999-06-01,1.0031510061639553,0.0,1.0031510061639553,0.0,0.0,False
1999-06-02,1.0121061572273622,0.0,1.0121061572273622,0.0,0.0,False
1999-06-03,1.007723518225606,0.0,1.007723518225606,0.0,0.0,False
1999-06-04,1.0332884064082009,0.0,1.0332884064082009,0.0,0.0,False
1999-06-07,1.0453721240351745,0.0,1.0453721240351745,0.0,0.0,False
1999-06-08,1.027145847680914,0.0,1.027145847680914,0.0,0.0,False
1999-06-09,1.0352504767524984,0.0,1.0352504767524984,0.0,0.0,False
1999-06-10,1.0245452974650515,0.0,1.0245452974650515,0.0,0.0,False
1999-06-11,1.0125015014946517,0.0,1.0125015014946517,0.0,0.0,False
1999-06-14,1.0034410852552322,0.0,1.0034410852552322,0.0,0.0,False
1999-06-15,1.0143036730245216,0.0,1.0143036730245216,0.0,0.0,False
1999-06-16,1.0500450000029127,0.0,1.0500450000029127,0.0,0.0,False
1999-06-17,1.0607936277194179,0.0,1.0607936277194179,0.0,0.0,False
1999-06-18,1.0638258419776603,0.0,1.0638258419776603,0.0,0.0,False
1999-06-21,1.0809874298987805,0.0,1.0809874298987805,0.0,0.0,False
1999-06-22,1.0609172655398784,0.0,1.0609172655398784,0.0,0.0,False
1999-06-23,1.0666772503662838,0.0,1.0666772503662838,0.0,0.0,False
1999-06-24,1.0520771066492776,0.0,1.0520771066492776,0.0,0.0,False
1999-06-25,1.050094407495249,0.0,1.050094407495249,0.0,0.0,False
1999-06-28,1.0689620273689242,0.0,1.0689620273689242,0.0,0.0,False
1999-06-29,1.0812824012410702,0.0,1.0812824012410702,0.0,0.0,False
1999-06-30,1.09941185332607,0.0,1.09941185332607,0.0,0.0,False
1999-07-01,1.107275926056205,0.0,1.107275926056205,0.0,0.0,False
1999-07-02,1.119799097035731,0.0,1.119799097035731,0.0,0.0,False
1999-07-06,1.1160994659130574,0.0,1.1160994659130574,0.0,0.0,False
1999-07-07,1.1177468146074525,0.0,1.1177468146074525,0.0,0.0,False
1999-07-08,1.1256517173565512,0.0,1.1256517173565512,0.0,0.0,False
1999-07-09,1.134629545181367,0.0,1.134629545181367,0.0,0.0,False
1999-07-12,1.1291431773082732,0.0,1.1291431773082732,0.0,0.0,False
1999-07-13,1.124457407162141,0.0,1.124457407162141,0.0,0.0,False
1999-07-14,1.1371725539619126,0.0,1.1371725539619126,0.0,0.0,False
1999-07-15,1.1460196138288494,0.0,1.1460196138288494,0.0,0.0,False
1999-07-16,1.1544301775292076,0.0,1.1544301775292076,0.0,0.0,False
1999-07-19,1.1447361414896622,0.0,1.1447361414896622,0.0,0.0,False
1999-07-20,1.1109096353742218,0.0,1.1109096353742218,0.0,0.0,False
1999-07-21,1.112955495708901,0.0,1.112955495708901,0.0,0.0,False
1999-07-22,1.09148872909361,0.0,1.09148872909361,0.0,0.0,False
1999-07-23,1.0912429786634257,0.0,1.0912429786634257,0.0,0.0,False
1999-07-26,1.0738287190273357,0.0,1.0738287190273357,0.0,0.0,False
1999-07-27,1.0891216647031339,0.0,1.0891216647031339,0.0,0.0,False
1999-07-28,1.1015480646015294,0.0,1.1015480646015294,0.0,0.0,False
1999-07-29,1.0820738186397225,0.0,1.0820738186397225,0.0,0.0,False
1999-07-30,1.0727314526122511,0.0,1.0727314526122511,0.0,0.0,False
1999-08-02,1.072513524811907,0.0,1.072513524811907,0.0,0.0,False
1999-08-03,1.0665053563901914,0.0,1.0665053563901914,0.0,0.0,False
1999-08-04,1.0495484740607512,0.0,1.0495484740607512,0.0,0.0,False
1999-08-05,1.0626592994783297,0.0,1.0626592994783297,0.0,0.0,False
1999-08-06,1.0511501548556836,0.0,1.0511501548556836,0.0,0.0,False
1999-08-09,1.0432627383664734,0.0,1.0432627383664734,0.0,0.0,False
1999-08-10,1.0327980674369721,0.0,1.0327980674369721,0.0,0.0,False
1999-08-11,1.056064856089694,0.0,1.056064856089694,0.0,0.0,False
1999-08-12,1.049549477338385,0.0,1.049549477338385,0.0,0.0,False
1999-08-13,1.0845647979497723,0.0,1.0845647979497723,0.0,0.0,False
1999-08-16,1.0913180060643606,0.0,1.0913180060643606,0.0,0.0,False
1999-08-17,1.0976016317610695,0.0,1.0976016317610695,0.0,0.0,False
1999-08-18,1.087485972275975,0.0,1.087485972275975,0.0,0.0,False
1999-08-19,1.0765635502076514,0.0,1.0765635502076514,0.0,0.0,False
1999-08-20,1.0905687360774736,0.0,1.0905687360774736,0.0,0.0,False
1999-08-23,1.1183471000888416,0.0,1.1183471000888416,0.0,0.0,False
1999-08-24,1.1241935411655917,0.0,1.1241935411655917,0.0,0.0,False
1999-08-25,1.1419240860635518,0.0,1.1419240860635518,0.0,0.0,False
1999-08-26,1.1255886595936038,0.0,1.1255886595936038,0.0,0.0,False
1999-08-27,1.1131724936100538,0.0,1.1131724936100538,0.0,0.0,False
1999-08-30,1.0950268039784228,0.0,1.0950268039784228,0.0,0.0,False
1999-08-31,1.0990483696724822,0.0,1.0990483696724822,0.0,0.0,False
1999-09-01,1.109766365287416,0.0,1.109766365287416,0.0,0.0,False
1999-09-02,1.101269069528323,0.0,1.101269069528323,0.0,0.0,False
1999-09-03,1.1426322260175275,0.0,1.1426322260175275,0.0,0.0,False
1999-09-07,1.1379664277231516,0.0,1.1379664277231516,0.0,0.0,False
1999-09-08,1.1275137686661891,0.0,1.1275137686661891,0.0,0.0,False
1999-09-09,1.13526896768255,0.0,1.13526896768255,0.0,0.0,False
1999-09-10,1.146545831418504,0.0,1.146545831418504,0.0,0.0,False
1999-09-13,1.1357741012961209,0.0,1.1357741012961209,0.0,0.0,False
1999-09-14,1.1351562625678009,0.0,1.1351562625678009,0.0,0.0,False
1999-09-15,1.1152000047055624,0.0,1.1152000047055624,0.0,0.0,False
1999-09-16,1.1170958703532294,0.0,1.1170958703532294,0.0,0.0,False
1999-09-17,1.1409068257896837,0.0,1.1409068257896837,0.0,0.0,False
1999-09-20,1.1414448291827328,0.0,1.1414448291827328,0.0,0.0,False
1999-09-21,1.1157258206526859,0.0,1.1157258206526859,0.0,0.0,False
1999-09-22,1.1210363011258817,0.0,1.1210363011258817,0.0,0.0,False
1999-09-23,1.086075021218697,0.0,1.086075021218697,0.0,0.0,False
1999-09-24,1.0862516301883427,0.0,1.0862516301883427,0.0,0.0,False
1999-09-27,1.0936524294879293,0.0,1.0936524294879293,0.0,0.0,False
1999-09-28,1.095131428199456,0.0,1.095131428199456,0.0,0.0,False
1999-09-29,1.0776189571052062,0.0,1.0776189571052062,0.0,0.0,False
1999-09-30,1.0915053019245091,0.0,1.0915053019245091,0.0,0.0,False
1999-10-01,1.0905253230759013,0.0,1.0905253230759013,0.0,0.0,False
1999-10-04,1.1124477133004864,0.0,1.1124477133004864,0.0,0.0,False
1999-10-05,1.1158682031731466,0.0,1.1158682031731466,0.0,0.0,False
1999-10-06,1.1355893233288203,0.0,1.1355893233288203,0.0,0.0,False
1999-10-07,1.131045574262302,0.0,1.131045574262302,0.0,0.0,False
1999-10-08,1.145574364292424,0.0,1.145574364292424,0.0,0.0,False
1999-10-11,1.1527098990748268,0.0,1.1527098990748268,0.0,0.0,False
1999-10-12,1.1307233292136798,0.0,1.1307233292136798,0.0,0.0,False
1999-10-13,1.099312829204052,0.0,1.099312829204052,0.0,0.0,False
1999-10-14,1.102610633513128,0.0,1.102610633513128,0.0,0.0,False
1999-10-15,1.072229528596868,0.0,1.072229528596868,0.0,0.0,False
1999-10-18,1.0693346762640796,0.0,1.0693346762640796,0.0,0.0,False
1999-10-19,1.0774121181905612,0.0,1.0774121181905612,0.0,0.0,False
1999-10-20,1.0991419290957893,0.0,1.0991419290957893,0.0,0.0,False
1999-10-21,1.1113281583224461,0.0,1.1113281583224461,0.0,0.0,False
1999-10-22,1.113528996626734,0.0,1.113528996626734,0.0,0.0,False
1999-10-25,1.1110009994399321,0.0,1.1110009994399321,0.0,0.0,False
1999-10-26,1.099547285297028,0.0,1.099547285297028,0.0,0.0,False
1999-10-27,1.108656223851088,0.0,1.108656223851088,0.0,0.0,False
1999-10-28,1.1467428148496779,0.0,1.1467428148496779,0.0,0.0,False
1999-10-29,1.1771532035642145,0.0,1.1771532035642145,0.0,0.0,False
1999-11-01,1.1679004669658075,0.0,1.1679004669658075,0.0,0.0,False
1999-11-02,1.16407582814169,0.0,1.16407582814169,0.0,0.0,False
1999-11-03,1.1795982256082669,0.0,1.1795982256082669,0.0,0.0,False
1999-11-04,1.1907139530516777,0.0,1.1907139530516777,0.0,0.0,False
1999-11-05,1.202637187719375,0.0,1.202637187719375,0.0,0.0,False
1999-11-08,1.2153085029357906,0.0,1.2153085029357906,0.0,0.0,False
1999-11-09,1.2055025945840956,0.0,1.2055025945840956,0.0,0.0,False
1999-11-10,1.2178870090493314,0.0,1.2178870090493314,0.0,0.0,False
1999-11-11,1.2322154958530585,0.0,1.2322154958530585,0.0,0.0,False
1999-11-12,1.2458824822427377,0.0,1.2458824822427377,0.0,0.0,False
1999-11-15,1.246131949649532,0.0,1.246131949649532,0.0,0.0,False
1999-11-16,1.2671537616702901,0.0,1.2671537616702901,0.0,0.0,False
1999-11-17,1.2602591641908365,0.0,1.2602591641908365,0.0,0.0,False
1999-11-18,1.284028881475496,0.0,1.284028881475496,0.0,0.0,False
1999-11-19,1.2892093324179392,0.0,1.2892093324179392,0.0,0.0,False
1999-11-22,1.2792325030669862,0.0,1.2792325030669862,0.0,0.0,False
1999-11-23,1.2765670406674943,0.0,1.2765670406674943,0.0,0.0,False
1999-11-24,1.3009764652800146,0.0,1.3009764652800146,0.0,0.0,False
1999-11-26,1.3006413667326584,0.0,1.3006413667326584,0.0,0.0,False
1999-11-29,1.2876173419671721,0.0,1.2876173419671721,0.0,0.0,False
1999-11-30,1.2555633931624848,0.0,1.2555633931624848,0.0,0.0,False
1999-12-01,1.2742467941061073,0.0,1.2742467941061073,0.0,0.0,False
1999-12-02,1.2982921110667998,0.0,1.2982921110667998,0.0,0.0,False
1999-12-03,1.3240232975504616,0.0,1.3240232975504616,0.0,0.0,False
1999-12-06,1.325147081282438,0.0,1.325147081282438,0.0,0.0,False
1999-12-07,1.3197815613931843,0.0,1.3197815613931843,0.0,0.0,False
1999-12-08,1.3075529895990032,0.0,1.3075529895990032,0.0,0.0,False
1999-12-09,1.3138551309739104,0.0,1.3138551309739104,0.0,0.0,False
1999-12-10,1.3214728532914006,0.0,1.3214728532914006,0.0,0.0,False
1999-12-13,1.3316164020456973,0.0,1.3316164020456973,0.0,0.0,False
1999-12-14,1.3131653251289983,0.0,1.3131653251289983,0.0,0.0,False
1999-12-15,1.3293050074921495,0.0,1.3293050074921495,0.0,0.0,False
1999-12-16,1.3486397068972518,0.0,1.3486397068972518,0.0,0.0,False
1999-12-17,1.3588049957340675,0.0,1.3588049957340675,0.0,0.0,False
1999-12-20,1.3627641037673652,0.0,1.3627641037673652,0.0,0.0,False
1999-12-21,1.4097637524802724,0.0,1.4097637524802724,0.0,0.0,False
1999-12-22,1.409385763714125,0.0,1.409385763714125,0.0,0.0,False
1999-12-23,1.4290095348309761,0.0,1.4290095348309761,0.0,0.0,False
1999-12-27,1.4238109036645636,0.0,1.4238109036645636,0.0,0.0,False
1999-12-28,1.4188900046960313,0.0,1.4188900046960313,0.0,0.0,False
1999-12-29,1.4487880439964613,0.0,1.4487880439964613,0.0,0.0,False
1999-12-30,1.440108666097938,0.0,1.440108666097938,0.0,0.0,False
1999-12-31,1.440275917156334,0.0,1.440275917156334,0.0,0.0,False
2000-01-03,1.4598267523262687,0.0,1.4598267523262687,0.0,0.0,False
2000-01-04,1.3812092739925748,0.0,1.3812092739925748,0.0,0.0,False
2000-01-05,1.3648376025363365,0.0,1.3648376025363365,0.0,0.0,False
2000-01-06,1.307003060078219,0.0,1.307003060078219,0.0,0.0,False
2000-01-07,1.4257829392625165,0.0,1.4257829392625165,0.0,0.0,False
2000-01-10,1.4480309432897556,0.0,1.4480309432897556,0.0,0.0,False
2000-01-11,1.404145616015418,0.0,1.404145616015418,0.0,0.0,False
2000-01-12,1.3817035654171772,0.0,1.3817035654171772,0.0,0.0,False
2000-01-13,1.432702063850325,0.0,1.432702063850325,0.0,0.0,False
2000-01-14,1.4591104020275818,0.0,1.4591104020275818,0.0,0.0,False
2000-01-18,1.4572770065857816,0.0,1.4572770065857816,0.0,0.0,False
2000-01-19,1.4797052526378909,0.0,1.4797052526378909,0.0,0.0,False
2000-01-20,1.4611555188778773,0.0,1.4611555188778773,0.0,0.0,False
2000-01-21,1.4687046043052794,0.0,1.4687046043052794,0.0,0.0,False
2000-01-24,1.4126040178046761,0.0,1.4126040178046761,0.0,0.0,False
2000-01-25,1.4312243444558224,0.0,1.4312243444558224,0.0,0.0,False
2000-01-26,1.3966971888822446,0.0,1.3966971888822446,0.0,0.0,False
2000-01-27,1.4041761880936874,0.0,1.4041761880936874,0.0,0.0,False
2000-01-28,1.3469053619996398,0.0,1.3469053619996398,0.0,0.0,False
2000-01-31,1.3940583335140686,0.0,1.3940583335140686,0.0,0.0,False
2000-02-01,1.419625956652815,0.0,1.419625956652815,0.0,0.0,False
2000-02-02,1.4262774694927471,0.0,1.4262774694927471,0.0,0.0,False
2000-02-03,1.464854610420385,0.0,1.464854610420385,0.0,0.0,False
2000-02-04,1.4667982775722237,0.0,1.4667982775722237,0.0,0.0,False
2000-02-07,1.4758168480257465,0.0,1.4758168480257465,0.0,0.0,False
2000-02-08,1.5167608877595973,0.0,1.5167608877595973,0.0,0.0,False
2000-02-09,1.4740430109560985,0.0,1.4740430109560985,0.0,0.0,False
2000-02-10,1.4997054944963468,0.0,1.4997054944963468,0.0,0.0,False
2000-02-11,1.4670592722850089,0.0,1.4670592722850089,0.0,0.0,False
2000-02-14,1.4704384857164565,0.0,1.4704384857164565,0.0,0.0,False
2000-02-15,1.4840538817872064,0.0,1.4840538817872064,0.0,0.0,False
2000-02-16,1.4696613978072945,0.0,1.4696613978072945,0.0,0.0,False
2000-02-17,1.4814768562802616,0.0,1.4814768562802616,0.0,0.0,False
2000-02-18,1.4388278006130197,0.0,1.4388278006130197,0.0,0.0,False
2000-02-22,1.4392835369818175,0.0,1.4392835369818175,0.0,0.0,False
2000-02-23,1.487862585278955,0.0,1.487862585278955,0.0,0.0,False
2000-02-24,1.4889382426309157,0.0,1.4889382426309157,0.0,0.0,False
2000-02-25,1.469204444169781,0.0,1.469204444169781,0.0,0.0,False
2000-02-28,1.4841737220844802,0.0,1.4841737220844802,0.0,0.0,False
2000-02-29,1.510950323946265,0.0,1.510950323946265,0.0,0.0,False
2000-03-01,1.5226402299730937,0.0,1.5226402299730937,0.0,0.0,False
2000-03-02,1.5055263439725226,0.0,1.5055263439725226,0.0,0.0,False
2000-03-03,1.5620778786802678,0.0,1.5620778786802678,0.0,0.0,False
2000-03-06,1.5606213606295054,0.0,1.5606213606295054,0.0,0.0,False
2000-03-07,1.5337649990307747,0.0,1.5337649990307747,0.0,0.0,False
2000-03-08,1.5397587304401334,0.0,1.5397587304401334,0.0,0.0,False
2000-03-09,1.5882083618507539,0.0,1.5882083618507539,0.0,0.0,False
2000-03-10,1.5805279917561106,0.0,1.5805279917561106,0.0,0.0,False
2000-03-13,1.5511870450727294,0.0,1.5511870450727294,0.0,0.0,False
2000-03-14,1.5114760717449343,0.0,1.5114760717449343,0.0,0.0,False
2000-03-15,1.4974352532343287,0.0,1.4974352532343287,0.0,0.0,False
2000-03-16,1.5751690588935727,0.0,1.5751690588935727,0.0,0.0,False
2000-03-17,1.5953110822479726,0.0,1.5953110822479726,0.0,0.0,False
2000-03-20,1.5687450801116163,0.0,1.5687450801116163,0.0,0.0,False
2000-03-21,1.614432087634267,0.0,1.614432087634267,0.0,0.0,False
2000-03-22,1.6355887863103675,0.0,1.6355887863103675,0.0,0.0,False
2000-03-23,1.6638978096839931,0.0,1.6638978096839931,0.0,0.0,False
2000-03-24,1.6800425261061225,0.0,1.6800425261061225,0.0,0.0,False
2000-03-27,1.672493618662477,0.0,1.672493618662477,0.0,0.0,False
2000-03-28,1.6463712357964124,0.0,1.6463712357964124,0.0,0.0,False
2000-03-29,1.613147568542064,0.0,1.613147568542064,0.0,0.0,False
2000-03-30,1.5794823632011517,0.0,1.5794823632011517,0.0,0.0,False
2000-03-31,1.6050129944482199,0.0,1.6050129944482199,0.0,0.0,False
2000-04-03,1.5615871273701167,0.0,1.5615871273701167,0.0,0.0,False
2000-04-04,1.548194550813104,0.0,1.548194550813104,0.0,0.0,False
2000-04-05,1.5295969483994518,0.0,1.5295969483994518,0.0,0.0,False
2000-04-06,1.5543867790104755,0.0,1.5543867790104755,0.0,0.0,False
2000-04-07,1.5905862613714166,0.0,1.5905862613714166,0.0,0.0,False
2000-04-10,1.5389860236011799,0.0,1.5389860236011799,0.0,0.0,False
2000-04-11,1.5185014923073263,0.0,1.5185014923073263,0.0,0.0,False
2000-04-12,1.453016441783041,0.0,1.453016441783041,0.0,0.0,False
2000-04-13,1.4113414369610002,0.0,1.4113414369610002,0.0,0.0,False
2000-04-14,1.3098376784074313,0.0,1.3098376784074313,0.0,0.0,False
2000-04-17,1.408083301288533,0.0,1.408083301288533,0.0,0.0,False
2000-04-18,1.44534119680562,0.0,1.44534119680562,0.0,0.0,False
2000-04-19,1.4165270387949838,0.0,1.4165270387949838,0.0,0.0,False
2000-04-20,1.4045424725618145,0.0,1.4045424725618145,0.0,0.0,False
2000-04-24,1.376790505984075,0.0,1.376790505984075,0.0,0.0,False
2000-04-25,1.4518242301459805,0.0,1.4518242301459805,0.0,0.0,False
2000-04-26,1.4188094142222512,0.0,1.4188094142222512,0.0,0.0,False
2000-04-27,1.4479242568607449,0.0,1.4479242568607449,0.0,0.0,False
2000-04-28,1.4711990968928854,0.0,1.4711990968928854,0.0,0.0,False
2000-05-01,1.4879725783048805,0.0,1.4879725783048805,0.0,0.0,False
2000-05-02,1.4303212531264993,0.0,1.4303212531264993,0.0,0.0,False
2000-05-03,1.4056389882838431,0.0,1.4056389882838431,0.0,0.0,False
2000-05-04,1.4124230213695843,0.0,1.4124230213695843,0.0,0.0,False
2000-05-05,1.4377848986201829,0.0,1.4377848986201829,0.0,0.0,False
2000-05-08,1.4043762979670165,0.0,1.4043762979670165,0.0,0.0,False
2000-05-09,1.3837713970678243,0.0,1.3837713970678243,0.0,0.0,False
2000-05-10,1.3178817878101552,0.0,1.3178817878101552,0.0,0.0,False
2000-05-11,1.3732199637894145,0.0,1.3732199637894145,0.0,0.0,False
2000-05-12,1.3806618337815255,0.0,1.3806618337815255,0.0,0.0,False
2000-05-15,1.4226754464399247,0.0,1.4226754464399247,0.0,0.0,False
2000-05-16,1.449697994578254,0.0,1.449697994578254,0.0,0.0,False
2000-05-17,1.4271651175445272,0.0,1.4271651175445272,0.0,0.0,False
2000-05-18,1.3928342755824241,0.0,1.3928342755824241,0.0,0.0,False
2000-05-19,1.3489120674987363,0.0,1.3489120674987363,0.0,0.0,False
2000-05-22,1.3433179329611802,0.0,1.3433179329611802,0.0,0.0,False
2000-05-23,1.2773701160796318,0.0,1.2773701160796318,0.0,0.0,False
2000-05-24,1.3278011994188488,0.0,1.3278011994188488,0.0,0.0,False
2000-05-25,1.3017968862055413,0.0,1.3017968862055413,0.0,0.0,False
2000-05-26,1.3025347785227346,0.0,1.3025347785227346,0.0,0.0,False
2000-05-30,1.389212178340284,0.0,1.389212178340284,0.0,0.0,False
2000-05-31,1.370948000108443,0.0,1.370948000108443,0.0,0.0,False
2000-06-01,1.4179944461378415,0.0,1.4179944461378415,0.0,0.0,False
2000-06-02,1.481059704504016,0.0,1.481059704504016,0.0,0.0,False
2000-06-05,1.4793131585312038,0.0,1.4793131585312038,0.0,0.0,False
2000-06-06,1.4554508928999546,0.0,1.4554508928999546,0.0,0.0,False
2000-06-07,1.479936130754226,0.0,1.479936130754226,0.0,0.0,False
2000-06-08,1.4735802385668515,0.0,1.4735802385668515,0.0,0.0,False
2000-06-09,1.4759631828580002,0.0,1.4759631828580002,0.0,0.0,False
2000-06-12,1.4436954742716375,0.0,1.4436954742716375,0.0,0.0,False
2000-06-13,1.4850815649416063,0.0,1.4850815649416063,0.0,0.0,False
2000-06-14,1.469597486090091,0.0,1.469597486090091,0.0,0.0,False
2000-06-15,1.4841117985277634,0.0,1.4841117985277634,0.0,0.0,False
2000-06-16,1.4819721308269416,0.0,1.4819721308269416,0.0,0.0,False
2000-06-19,1.5209320786578062,0.0,1.5209320786578062,0.0,0.0,False
2000-06-20,1.515300640735711,0.0,1.515300640735711,0.0,0.0,False
2000-06-21,1.5246822863390739,0.0,1.5246822863390739,0.0,0.0,False
2000-06-22,1.485133159863117,0.0,1.485133159863117,0.0,0.0,False
2000-06-23,1.4495247496833226,0.0,1.4495247496833226,0.0,0.0,False
2000-06-26,1.4786607911655274,0.0,1.4786607911655274,0.0,0.0,False
2000-06-27,1.4643623751653352,0.0,1.4643623751653352,0.0,0.0,False
2000-06-28,1.4752796551995284,0.0,1.4752796551995284,0.0,0.0,False
2000-06-29,1.4497977678101692,0.0,1.4497977678101692,0.0,0.0,False
2000-06-30,1.4695097275552311,0.0,1.4695097275552311,0.0,0.0,False
2000-07-03,1.4938775797887824,0.0,1.4938775797887824,0.0,0.0,False
2000-07-05,1.4514895244712032,0.0,1.4514895244712032,0.0,0.0,False
2000-07-06,1.476454565492472,0.0,1.476454565492472,0.0,0.0,False
2000-07-07,1.5035420946233256,0.0,1.5035420946233256,0.0,0.0,False
2000-07-10,1.490886130849437,0.0,1.490886130849437,0.0,0.0,False
2000-07-11,1.4965295592048833,0.0,1.4965295592048833,0.0,0.0,False
2000-07-12,1.5191447317502518,0.0,1.5191447317502518,0.0,0.0,False
2000-07-13,1.5322504479560237,0.0,1.5322504479560237,0.0,0.0,False
2000-07-14,1.556291258366306,0.0,1.556291258366306,0.0,0.0,False
2000-07-17,1.5637049890231223,0.0,1.5637049890231223,0.0,0.0,False
2000-07-18,1.5400245116204856,0.0,1.5400245116204856,0.0,0.0,False
2000-07-19,1.5164263769300586,0.0,1.5164263769300586,0.0,0.0,False
2000-07-20,1.551316237448827,0.0,1.551316237448827,0.0,0.0,False
2000-07-21,1.5101090023853998,0.0,1.5101090023853998,0.0,0.0,False
2000-07-24,1.4902271534170437,0.0,1.4902271534170437,0.0,0.0,False
2000-07-25,1.49848797121465,0.0,1.49848797121465,0.0,0.0,False
2000-07-26,1.490198741369486,0.0,1.490198741369486,0.0,0.0,False
2000-07-27,1.4584255492532892,0.0,1.4584255492532892,0.0,0.0,False
2000-07-28,1.4022817491993038,0.0,1.4022817491993038,0.0,0.0,False
2000-07-31,1.4274338555030808,0.0,1.4274338555030808,0.0,0.0,False
2000-08-01,1.422324717685126,0.0,1.422324717685126,0.0,0.0,False
2000-08-02,1.4132866886115363,0.0,1.4132866886115363,0.0,0.0,False
2000-08-03,1.4487419899498157,0.0,1.4487419899498157,0.0,0.0,False
2000-08-04,1.450126010708872,0.0,1.450126010708872,0.0,0.0,False
2000-08-07,1.4758905566066247,0.0,1.4758905566066247,0.0,0.0,False
2000-08-08,1.4936916709560044,0.0,1.4936916709560044,0.0,0.0,False
2000-08-09,1.4675765068774267,0.0,1.4675765068774267,0.0,0.0,False
2000-08-10,1.4494836582969453,0.0,1.4494836582969453,0.0,0.0,False
2000-08-11,1.462966714814468,0.0,1.462966714814468,0.0,0.0,False
2000-08-14,1.4878337208228634,0.0,1.4878337208228634,0.0,0.0,False
2000-08-15,1.487211090097177,0.0,1.487211090097177,0.0,0.0,False
2000-08-16,1.4920588268212804,0.0,1.4920588268212804,0.0,0.0,False
2000-08-17,1.514296048108886,0.0,1.514296048108886,0.0,0.0,False
2000-08-18,1.5078219691319035,0.0,1.5078219691319035,0.0,0.0,False
2000-08-21,1.5138931741516874,0.0,1.5138931741516874,0.0,0.0,False
2000-08-22,1.51263557126782,0.0,1.51263557126782,0.0,0.0,False
2000-08-23,1.5279986469257918,0.0,1.5279986469257918,0.0,0.0,False
2000-08-24,1.5421796240603867,0.0,1.5421796240603867,0.0,0.0,False
2000-08-25,1.5377050019917065,0.0,1.5377050019917065,0.0,0.0,False
2000-08-28,1.5438460971294528,0.05247906281632244,1.3124020460419197,0.1504244547775422,0.08101959630999078,True
2000-08-29,1.5485375378185744,0.05308777020573572,1.3158680867321337,0.1504610461237724,0.08220840496266826,True
2000-08-30,1.5410887756421323,0.05311277641726161,1.3087396853994384,0.150497586662862,0.08185150357983201,True
2000-08-31,1.5748137665955166,0.0562831955938518,1.3356440792702484,0.15053413607608238,0.08863555124918594,True
2000-09-01,1.5846747217158514,0.057553316631084546,1.3429008010683616,0.15057063463130155,0.09120328601618818,True
2000-09-05,1.550516250170086,0.05341532773507837,1.317087953724723,0.1506069627839631,0.0828213336613999,True
2000-09-06,1.5111210503925732,0.04899421463042057,1.286441681144802,0.1506431801722906,0.0740361890754803,True
2000-09-07,1.5357808319397348,0.05138246744094904,1.3061895159696086,0.15067910737654913,0.07891220859357706,True
2000-09-08,1.5041039813026997,0.04762412063093787,1.2817573685011703,0.15071498335449593,0.07163162944703369,True
2000-09-11,1.4823609848617232,0.044772360970767984,1.265241555114073,0.15075062864443808,0.06636880110321221,True
2000-09-12,1.4648536677633646,0.04317784776428028,1.250818276378198,0.1507861627215323,0.06324922866363417,True
2000-09-13,1.485314747823241,0.0,1.485314747823241,0.0,0.0,False
2000-09-14,1.485083481192388,0.0,1.485083481192388,0.0,0.0,False
2000-09-15,1.4553648016431868,0.0,1.4553648016431868,0.0,0.0,False
2000-09-18,1.4372120073447656,0.0,1.4372120073447656,0.0,0.0,False
2000-09-19,1.4702172844953212,0.0,1.4702172844953212,0.0,0.0,False
2000-09-20,1.4761275566561098,0.0,1.4761275566561098,0.0,0.0,False
2000-09-21,1.4112809681861376,0.0,1.4112809681861376,0.0,0.0,False
2000-09-22,1.465823489822111,0.0,1.465823489822111,0.0,0.0,False
2000-09-25,1.4411524301237937,0.0,1.4411524301237937,0.0,0.0,False
2000-09-26,1.4237277718259682,0.0,1.4237277718259682,0.0,0.0,False
2000-09-27,1.4284721365071245,0.0,1.4284721365071245,0.0,0.0,False
2000-09-28,1.453620432131295,0.0,1.453620432131295,0.0,0.0,False
2000-09-29,1.4244028312001586,0.0,1.4244028312001586,0.0,0.0,False
2000-10-02,1.4094379161772517,0.0,1.4094379161772517,0.0,0.0,False
2000-10-03,1.3805153173947198,0.0,1.3805153173947198,0.0,0.0,False
2000-10-04,1.399619806262052,0.0,1.399619806262052,0.0,0.0,False
2000-10-05,1.404098931110364,0.0,1.404098931110364,0.0,0.0,False
2000-10-06,1.3653794159199093,0.0,1.3653794159199093,0.0,0.0,False
2000-10-09,1.3571523514614852,0.0,1.3571523514614852,0.0,0.0,False
2000-10-10,1.3105266403853404,0.0,1.3105266403853404,0.0,0.0,False
2000-10-11,1.2945648119905175,0.0,1.2945648119905175,0.0,0.0,False
2000-10-12,1.2621423627689734,0.0,1.2621423627689734,0.0,0.0,False
2000-10-13,1.3346294723257917,0.0,1.3346294723257917,0.0,0.0,False
2000-10-16,1.3438211447985766,0.0,1.3438211447985766,0.0,0.0,False
2000-10-17,1.2963794315058081,0.0,1.2963794315058081,0.0,0.0,False
2000-10-18,1.2919032155798518,0.0,1.2919032155798518,0.0,0.0,False
2000-10-19,1.3747497145270837,0.0,1.3747497145270837,0.0,0.0,False
2000-10-20,1.3877806557603118,0.0,1.3877806557603118,0.0,0.0,False
2000-10-23,1.3898752128454679,0.0,1.3898752128454679,0.0,0.0,False
2000-10-24,1.3555064600145412,0.0,1.3555064600145412,0.0,0.0,False
2000-10-25,1.301580387095919,0.0,1.301580387095919,0.0,0.0,False
2000-10-26,1.3200842785493752,0.0,1.3200842785493752,0.0,0.0,False
2000-10-27,1.3313178083866588,0.0,1.3313178083866588,0.0,0.0,False
2000-10-30,1.3126336769039146,0.0,1.3126336769039146,0.0,0.0,False
2000-10-31,1.3661574569621067,0.0,1.3661574569621067,0.0,0.0,False
2000-11-01,1.357964884733095,0.0,1.357964884733095,0.0,0.0,False
2000-11-02,1.367464217465873,0.0,1.367464217465873,0.0,0.0,False
2000-11-03,1.376697955829196,0.0,1.376697955829196,0.0,0.0,False
2000-11-06,1.376339493853356,0.0,1.376339493853356,0.0,0.0,False
2000-11-07,1.3735812321313365,0.0,1.3735812321313365,0.0,0.0,False
2000-11-08,1.304647733738537,0.0,1.304647733738537,0.0,0.0,False
2000-11-09,1.3020479371700466,0.0,1.3020479371700466,0.0,0.0,False
2000-11-10,1.252343244416603,0.0,1.252343244416603,0.0,0.0,False
2000-11-13,1.2484281424398582,0.0,1.2484281424398582,0.0,0.0,False
2000-11-14,1.299443262696865,0.0,1.299443262696865,0.0,0.0,False
2000-11-15,1.3146033130122556,0.0,1.3146033130122556,0.0,0.0,False
2000-11-16,1.2660731076205725,0.0,1.2660731076205725,0.0,0.0,False
2000-11-17,1.2622821743255388,0.0,1.2622821743255388,0.0,0.0,False
2000-11-20,1.2275331130799383,0.0,1.2275331130799383,0.0,0.0,False
2000-11-21,1.2297054782534442,0.0,1.2297054782534442,0.0,0.0,False
2000-11-22,1.187467915157471,0.0,1.187467915157471,0.0,0.0,False
2000-11-24,1.2335886730119097,0.0,1.2335886730119097,0.0,0.0,False
2000-11-27,1.231358642703421,0.0,1.231358642703421,0.0,0.0,False
2000-11-28,1.1843797899125152,0.0,1.1843797899125152,0.0,0.0,False
2000-11-29,1.1605121996367902,0.0,1.1605121996367902,0.0,0.0,False
2000-11-30,1.155916013305166,0.0,1.155916013305166,0.0,0.0,False
2000-12-01,1.1649627926642583,0.0,1.1649627926642583,0.0,0.0,False
2000-12-04,1.179020140838382,0.0,1.179020140838382,0.0,0.0,False
2000-12-05,1.2499441149174668,0.0,1.2499441149174668,0.0,0.0,False
2000-12-06,1.21618531591332,0.0,1.21618531591332,0.0,0.0,False
2000-12-07,1.1944279489142589,0.0,1.1944279489142589,0.0,0.0,False
2000-12-08,1.2092952071180998,0.0,1.2092952071180998,0.0,0.0,False
2000-12-11,1.2869961539670183,0.0,1.2869961539670183,0.0,0.0,False
2000-12-12,1.2607173152895967,0.0,1.2607173152895967,0.0,0.0,False
2000-12-13,1.22637962034894,0.0,1.22637962034894,0.0,0.0,False
2000-12-14,1.188598136350027,0.0,1.188598136350027,0.0,0.0,False
2000-12-15,1.161539196149511,0.0,1.161539196149511,0.0,0.0,False
2000-12-18,1.1704358220249933,0.0,1.1704358220249933,0.0,0.0,False
2000-12-19,1.113939390788045,0.0,1.113939390788045,0.0,0.0,False
2000-12-20,1.0658676103243008,0.0,1.0658676103243008,0.0,0.0,False
2000-12-21,1.0726985416453678,0.0,1.0726985416453678,0.0,0.0,False
2000-12-22,1.1312377099422006,0.0,1.1312377099422006,0.0,0.0,False
2000-12-26,1.1408181411513687,0.0,1.1408181411513687,0.0,0.0,False
2000-12-27,1.1514357810567106,0.0,1.1514357810567106,0.0,0.0,False
2000-12-28,1.152020645131581,0.0,1.152020645131581,0.0,0.0,False
2000-12-29,1.112404433582036,0.0,1.112404433582036,0.0,0.0,False
2001-01-02,1.055290313282369,0.0,1.055290313282369,0.0,0.0,False
2001-01-03,1.169502381882705,0.0,1.169502381882705,0.0,0.0,False
2001-01-04,1.152671963246701,0.0,1.152671963246701,0.0,0.0,False
2001-01-05,1.0897961246041834,0.0,1.0897961246041834,0.0,0.0,False
2001-01-08,1.1000284052858522,0.0,1.1000284052858522,0.0,0.0,False
2001-01-09,1.0985759070678471,0.0,1.0985759070678471,0.0,0.0,False
2001-01-10,1.136410861893612,0.0,1.136410861893612,0.0,0.0,False
2001-01-11,1.153469161190014,0.0,1.153469161190014,0.0,0.0,False
2001-01-12,1.1597991212470813,0.0,1.1597991212470813,0.0,0.0,False
2001-01-16,1.1565730955463622,0.0,1.1565730955463622,0.0,0.0,False
2001-01-17,1.176864496598207,0.0,1.176864496598207,0.0,0.0,False
2001-01-18,1.2074786113746294,0.0,1.2074786113746294,0.0,0.0,False
2001-01-19,1.2017817756705658,0.0,1.2017817756705658,0.0,0.0,False
2001-01-22,1.206341268690141,0.0,1.206341268690141,0.0,0.0,False
2001-01-23,1.2237286957001174,0.0,1.2237286957001174,0.0,0.0,False
2001-01-24,1.2197722545220415,0.0,1.2197722545220415,0.0,0.0,False
2001-01-25,1.194384634359374,0.0,1.194384634359374,0.0,0.0,False
2001-01-26,1.203391726121388,0.0,1.203391726121388,0.0,0.0,False
2001-01-29,1.2199413615838595,0.0,1.2199413615838595,0.0,0.0,False
2001-01-30,1.2230236338595124,0.0,1.2230236338595124,0.0,0.0,False
2001-01-31,1.1971174251350032,0.0,1.1971174251350032,0.0,0.0,False
2001-02-01,1.209005294189572,0.0,1.209005294189572,0.0,0.0,False
2001-02-02,1.1618842167274643,0.0,1.1618842167274643,0.0,0.0,False
2001-02-05,1.1656790514432336,0.0,1.1656790514432336,0.0,0.0,False
2001-02-06,1.1649096113208128,0.0,1.1649096113208128,0.0,0.0,False
2001-02-07,1.1524431449579486,0.0,1.1524431449579486,0.0,0.0,False
2001-02-08,1.1285157063215208,0.0,1.1285157063215208,0.0,0.0,False
2001-02-09,1.1001512286698667,0.0,1.1001512286698667,0.0,0.0,False
2001-02-12,1.113083509726712,0.0,1.113083509726712,0.0,0.0,False
2001-02-13,1.0906912704364393,0.0,1.0906912704364393,0.0,0.0,False
2001-02-14,1.1115818435781442,0.0,1.1115818435781442,0.0,0.0,False
2001-02-15,1.1261596180373439,0.0,1.1261596180373439,0.0,0.0,False
2001-02-16,1.082215757746386,0.0,1.082215757746386,0.0,0.0,False
2001-02-20,1.0528706086567379,0.0,1.0528706086567379,0.0,0.0,False
2001-02-21,1.0267103045816512,0.0,1.0267103045816512,0.0,0.0,False
2001-02-22,1.0225026742768137,0.0,1.0225026742768137,0.0,0.0,False
2001-02-23,1.0208529453839996,0.0,1.0208529453839996,0.0,0.0,False
2001-02-26,1.0413922224804093,0.0,1.0413922224804093,0.0,0.0,False
2001-02-27,1.0051263992639752,0.0,1.0051263992639752,0.0,0.0,False
2001-02-28,0.9793316995518588,0.0,0.9793316995518588,0.0,0.0,False
2001-03-01,0.9958309620254507,0.0,0.9958309620254507,0.0,0.0,False
2001-03-02,0.970448643991308,0.0,0.970448643991308,0.0,0.0,False
2001-03-05,0.9837159777058756,0.0,0.9837159777058756,0.0,0.0,False
2001-03-06,1.0081359224162805,0.0,1.0081359224162805,0.0,0.0,False
2001-03-07,1.0119381454391398,0.0,1.0119381454391398,0.0,0.0,False
2001-03-08,1.0030771583879894,0.0,1.0030771583879894,0.0,0.0,False
2001-03-09,0.9530827083870724,0.0,0.9530827083870724,0.0,0.0,False
2001-03-12,0.9031004461468419,0.0,0.9031004461468419,0.0,0.0,False
2001-03-13,0.9334701812053094,0.0,0.9334701812053094,0.0,0.0,False
2001-03-14,0.9169036370654202,0.0,0.9169036370654202,0.0,0.0,False
2001-03-15,0.9002543187541852,0.0,0.9002543187541852,0.0,0.0,False
2001-03-16,0.8810810072686495,0.0,0.8810810072686495,0.0,0.0,False
2001-03-19,0.9120709698880007,0.0,0.9120709698880007,0.0,0.0,False
2001-03-20,0.8691530297858436,0.0,0.8691530297858436,0.0,0.0,False
2001-03-21,0.8617707648967968,0.0,0.8617707648967968,0.0,0.0,False
2001-03-22,0.8835582541311036,0.0,0.8835582541311036,0.0,0.0,False
2001-03-23,0.8969168879773335,0.0,0.8969168879773335,0.0,0.0,False
2001-03-26,0.8922623086705124,0.0,0.8922623086705124,0.0,0.0,False
2001-03-27,0.916747854500603,0.0,0.916747854500603,0.0,0.0,False
2001-03-28,0.8664547338113775,0.0,0.8664547338113775,0.0,0.0,False
2001-03-29,0.8599275570798426,0.0,0.8599275570798426,0.0,0.0,False
2001-03-30,0.866640241875802,0.0,0.866640241875802,0.0,0.0,False
2001-04-02,0.8380242261731468,0.0,0.8380242261731468,0.0,0.0,False
2001-04-03,0.7933469719998524,0.0,0.7933469719998524,0.0,0.0,False
2001-04-04,0.7880191687318415,0.0,0.7880191687318415,0.0,0.0,False
2001-04-05,0.8406710794026401,0.0,0.8406710794026401,0.0,0.0,False
2001-04-06,0.8189557424821993,0.0,0.8189557424821993,0.0,0.0,False
2001-04-09,0.8360387565782795,0.0,0.8360387565782795,0.0,0.0,False
2001-04-10,0.8746919550650836,0.0,0.8746919550650836,0.0,0.0,False
2001-04-11,0.8881781003235526,0.0,0.8881781003235526,0.0,0.0,False
2001-04-12,0.9157401998459435,0.0,0.9157401998459435,0.0,0.0,False
2001-04-16,0.883644785552443,0.0,0.883644785552443,0.0,0.0,False
2001-04-17,0.9008582922310809,0.0,0.9008582922310809,0.0,0.0,False
2001-04-18,0.9657145203215879,0.0,0.9657145203215879,0.0,0.0,False
2001-04-19,1.0012912265723075,0.0,1.0012912265723075,0.0,0.0,False
2001-04-20,0.9977458216812357,0.0,0.9977458216812357,0.0,0.0,False
2001-04-23,0.955190982904617,0.0,0.955190982904617,0.0,0.0,False
2001-04-24,0.943620941034733,0.0,0.943620941034733,0.0,0.0,False
2001-04-25,0.9583115741068264,0.0,0.9583115741068264,0.0,0.0,False
2001-04-26,0.9482334998762751,0.0,0.9482334998762751,0.0,0.0,False
2001-04-27,0.9690727066245503,0.0,0.9690727066245503,0.0,0.0,False
2001-04-30,0.983194832321521,0.0,0.983194832321521,0.0,0.0,False
2001-05-01,1.004947500275271,0.0,1.004947500275271,0.0,0.0,False
2001-05-02,1.0137633619581503,0.0,1.0137633619581503,0.0,0.0,False
2001-05-03,0.984767951164284,0.0,0.984767951164284,0.0,0.0,False
2001-05-04,1.007873323079073,0.0,1.007873323079073,0.0,0.0,False
2001-05-07,0.9930655138253393,0.0,0.9930655138253393,0.0,0.0,False
2001-05-08,1.003348973965732,0.0,1.003348973965732,0.0,0.0,False
2001-05-09,0.9840679146006304,0.0,0.9840679146006304,0.0,0.0,False
2001-05-10,0.9772726235794715,0.0,0.9772726235794715,0.0,0.0,False
2001-05-11,0.9715504271392535,0.0,0.9715504271392535,0.0,0.0,False
2001-05-14,0.9647356854894045,0.0,0.9647356854894045,0.0,0.0,False
2001-05-15,0.9705180642008524,0.0,0.9705180642008524,0.0,0.0,False
2001-05-16,1.003453525567556,0.0,1.003453525567556,0.0,0.0,False
2001-05-17,1.0122127668367022,0.0,1.0122127668367022,0.0,0.0,False
2001-05-18,1.0160039743344809,0.0,1.0160039743344809,0.0,0.0,False
2001-05-21,1.0553123736927017,0.0,1.0553123736927017,0.0,0.0,False
2001-05-22,1.0530803325690727,0.0,1.0530803325690727,0.0,0.0,False
2001-05-23,1.0208744324522523,0.0,1.0208744324522523,0.0,0.0,False
2001-05-24,1.0354902158118373,0.0,1.0354902158118373,0.0,0.0,False
2001-05-25,1.0199375398259434,0.0,1.0199375398259434,0.0,0.0,False
2001-05-29,0.9860010469935652,0.0,0.9860010469935652,0.0,0.0,False
2001-05-30,0.9610305297228762,0.0,0.9610305297228762,0.0,0.0,False
2001-05-31,0.9667676114836913,0.0,0.9667676114836913,0.0,0.0,False
2001-06-01,0.9840260594191867,0.0,0.9840260594191867,0.0,0.0,False
2001-06-04,0.9840435387595371,0.0,0.9840435387595371,0.0,0.0,False
2001-06-05,1.0113710971576308,0.0,1.0113710971576308,0.0,0.0,False
2001-06-06,1.003260228977356,0.0,1.003260228977356,0.0,0.0,False
2001-06-07,1.0179562892367482,0.0,1.0179562892367482,0.0,0.0,False
2001-06-08,0.9991217909965875,0.0,0.9991217909965875,0.0,0.0,False
2001-06-11,0.9818661545988032,0.0,0.9818661545988032,0.0,0.0,False
2001-06-12,0.9783443701464618,0.0,0.9783443701464618,0.0,0.0,False
2001-06-13,0.9607966460390425,0.0,0.9607966460390425,0.0,0.0,False
2001-06-14,0.9252168060493076,0.0,0.9252168060493076,0.0,0.0,False
2001-06-15,0.9297945556706892,0.0,0.9297945556706892,0.0,0.0,False
2001-06-18,0.921322827732849,0.0,0.921322827732849,0.0,0.0,False
2001-06-19,0.9210348884311053,0.0,0.9210348884311053,0.0,0.0,False
2001-06-20,0.9339160037758393,0.0,0.9339160037758393,0.0,0.0,False
2001-06-21,0.9455498748751903,0.0,0.9455498748751903,0.0,0.0,False
2001-06-22,0.9407559536443663,0.0,0.9407559536443663,0.0,0.0,False
2001-06-25,0.9376251622608862,0.0,0.9376251622608862,0.0,0.0,False
2001-06-26,0.9385926424928555,0.0,0.9385926424928555,0.0,0.0,False
2001-06-27,0.9413424042236833,0.0,0.9413424042236833,0.0,0.0,False
2001-06-28,0.9499571340617651,0.0,0.9499571340617651,0.0,0.0,False
2001-06-29,0.9661654326172567,0.0,0.9661654326172567,0.0,0.0,False
2001-07-02,0.9695509740983463,0.0,0.9695509740983463,0.0,0.0,False
2001-07-03,0.9714606663222,0.0,0.9714606663222,0.0,0.0,False
2001-07-05,0.9386813667653395,0.0,0.9386813667653395,0.0,0.0,False
2001-07-06,0.9090935686633372,0.0,0.9090935686633372,0.0,0.0,False
2001-07-09,0.9155042851249088,0.0,0.9155042851249088,0.0,0.0,False
2001-07-10,0.8935442916779499,0.0,0.8935442916779499,0.0,0.0,False
2001-07-11,0.8995130615826737,0.0,0.8995130615826737,0.0,0.0,False
2001-07-12,0.9387104925821904,0.0,0.9387104925821904,0.0,0.0,False
2001-07-13,0.937932419198545,0.0,0.937932419198545,0.0,0.0,False
2001-07-16,0.9233680417829458,0.0,0.9233680417829458,0.0,0.0,False
2001-07-17,0.9380466824612713,0.0,0.9380466824612713,0.0,0.0,False
2001-07-18,0.9169788601921498,0.0,0.9169788601921498,0.0,0.0,False
2001-07-19,0.9318930423520498,0.0,0.9318930423520498,0.0,0.0,False
2001-07-20,0.9182886244539319,0.0,0.9182886244539319,0.0,0.0,False
2001-07-23,0.8977801411879117,0.0,0.8977801411879117,0.0,0.0,False
2001-07-24,0.8883558687525579,0.0,0.8883558687525579,0.0,0.0,False
2001-07-25,0.8971293808202988,0.0,0.8971293808202988,0.0,0.0,False
2001-07-26,0.9084826087957322,0.0,0.9084826087957322,0.0,0.0,False
2001-07-27,0.9196133831714852,0.0,0.9196133831714852,0.0,0.0,False
2001-07-30,0.9170250175574697,0.0,0.9170250175574697,0.0,0.0,False
2001-07-31,0.9195817393310096,0.0,0.9195817393310096,0.0,0.0,False
2001-08-01,0.937215411085847,0.0,0.937215411085847,0.0,0.0,False
2001-08-02,0.9479406828729008,0.0,0.9479406828729008,0.0,0.0,False
2001-08-03,0.9374713938988539,0.0,0.9374713938988539,0.0,0.0,False
2001-08-06,0.9237854465221735,0.0,0.9237854465221735,0.0,0.0,False
2001-08-07,0.9231989281368929,0.0,0.9231989281368929,0.0,0.0,False
2001-08-08,0.8952039621709045,0.0,0.8952039621709045,0.0,0.0,False
2001-08-09,0.8984043356717958,0.0,0.8984043356717958,0.0,0.0,False
2001-08-10,0.8956463145352108,0.0,0.8956463145352108,0.0,0.0,False
2001-08-13,0.9048753999042506,0.0,0.9048753999042506,0.0,0.0,False
2001-08-14,0.8991814756998154,0.0,0.8991814756998154,0.0,0.0,False
2001-08-15,0.8786884431944972,0.0,0.8786884431944972,0.0,0.0,False
2001-08-16,0.8853804761247607,0.0,0.8853804761247607,0.0,0.0,False
2001-08-17,0.8581491812696381,0.0,0.8581491812696381,0.0,0.0,False
2001-08-20,0.8680270879925261,0.0,0.8680270879925261,0.0,0.0,False
2001-08-21,0.8425960705370037,0.0,0.8425960705370037,0.0,0.0,False
2001-08-22,0.8584439383837478,0.0,0.8584439383837478,0.0,0.0,False
2001-08-23,0.8526896623061767,0.0,0.8526896623061767,0.0,0.0,False
2001-08-24,0.8841578276340589,0.0,0.8841578276340589,0.0,0.0,False
2001-08-27,0.8820833654076122,0.0,0.8820833654076122,0.0,0.0,False
2001-08-28,0.8618481351351567,0.0,0.8618481351351567,0.0,0.0,False
2001-08-29,0.8516730711122721,0.0,0.8516730711122721,0.0,0.0,False
2001-08-30,0.8277318175195482,0.0,0.8277318175195482,0.0,0.0,False
2001-08-31,0.8360267790068723,0.0,0.8360267790068723,0.0,0.0,False
2001-09-04,0.8201159048833873,0.0,0.8201159048833873,0.0,0.0,False
2001-09-05,0.8195100903216839,0.0,0.8195100903216839,0.0,0.0,False
2001-09-06,0.792365413381154,0.0,0.792365413381154,0.0,0.0,False
2001-09-07,0.7826959798380599,0.0,0.7826959798380599,0.0,0.0,False
2001-09-10,0.7921286097355096,0.0,0.7921286097355096,0.0,0.0,False
2001-09-17,0.7377516104512745,0.0,0.7377516104512745,0.0,0.0,False
2001-09-18,0.7285915621565245,0.0,0.7285915621565245,0.0,0.0,False
2001-09-19,0.7149087113358856,0.0,0.7149087113358856,0.0,0.0,False
2001-09-20,0.6916217976028004,0.0,0.6916217976028004,0.0,0.0,False
2001-09-21,0.6785798711113059,0.0,0.6785798711113059,0.0,0.0,False
2001-09-24,0.7075989414987072,0.0,0.7075989414987072,0.0,0.0,False
2001-09-25,0.7123632607662098,0.0,0.7123632607662098,0.0,0.0,False
2001-09-26,0.698750656738548,0.0,0.698750656738548,0.0,0.0,False
2001-09-27,0.6994678200493473,0.0,0.6994678200493473,0.0,0.0,False
2001-09-28,0.7130283366849363,0.0,0.7130283366849363,0.0,0.0,False
2001-10-01,0.70937285589376,0.0,0.70937285589376,0.0,0.0,False
2001-10-02,0.7149398539371564,0.0,0.7149398539371564,0.0,0.0,False
2001-10-03,0.747972263403282,0.0,0.747972263403282,0.0,0.0,False
2001-10-04,0.7519054577826175,0.0,0.7519054577826175,0.0,0.0,False
2001-10-05,0.7566957207113918,0.0,0.7566957207113918,0.0,0.0,False
2001-10-08,0.7554170632771283,0.0,0.7554170632771283,0.0,0.0,False
2001-10-09,0.7442676336834146,0.0,0.7442676336834146,0.0,0.0,False
2001-10-10,0.7694328531028,0.0,0.7694328531028,0.0,0.0,False
2001-10-11,0.8014424687672699,0.0,0.8014424687672699,0.0,0.0,False
2001-10-12,0.7978885557025296,0.0,0.7978885557025296,0.0,0.0,False
2001-10-15,0.795427845542257,0.0,0.795427845542257,0.0,0.0,False
2001-10-16,0.8044128784032438,0.0,0.8044128784032438,0.0,0.0,False
2001-10-17,0.7669790895937572,0.0,0.7669790895937572,0.0,0.0,False
2001-10-18,0.7765594282706123,0.0,0.7765594282706123,0.0,0.0,False
2001-10-19,0.7788694097827615,0.0,0.7788694097827615,0.0,0.0,False
2001-10-22,0.7970068799040182,0.0,0.7970068799040182,0.0,0.0,False
2001-10-23,0.7970505976854402,0.0,0.7970505976854402,0.0,0.0,False
2001-10-24,0.8046203609830216,0.0,0.8046203609830216,0.0,0.0,False
2001-10-25,0.8279898339525518,0.0,0.8279898339525518,0.0,0.0,False
2001-10-26,0.8181665045575012,0.0,0.8181665045575012,0.0,0.0,False
2001-10-29,0.7851441332689134,0.0,0.7851441332689134,0.0,0.0,False
2001-10-30,0.7728197503273089,0.0,0.7728197503273089,0.0,0.0,False
2001-10-31,0.7775288549720669,0.0,0.7775288549720669,0.0,0.0,False
2001-11-01,0.8040009056067742,0.0,0.8040009056067742,0.0,0.0,False
2001-11-02,0.8096997397225532,0.0,0.8096997397225532,0.0,0.0,False
2001-11-05,0.828190653118447,0.0,0.828190653118447,0.0,0.0,False
2001-11-06,0.8507345935975271,0.0,0.8507345935975271,0.0,0.0,False
2001-11-07,0.8496098895197458,0.0,0.8496098895197458,0.0,0.0,False
2001-11-08,0.8465907405412366,0.0,0.8465907405412366,0.0,0.0,False
2001-11-09,0.846817326391822,0.0,0.846817326391822,0.0,0.0,False
2001-11-12,0.8472556696845005,0.0,0.8472556696845005,0.0,0.0,False
2001-11-13,0.871946539614387,0.0,0.871946539614387,0.0,0.0,False
2001-11-14,0.8754664577366205,0.0,0.8754664577366205,0.0,0.0,False
2001-11-15,0.87450128590938,0.0,0.87450128590938,0.0,0.0,False
2001-11-16,0.8713418648703475,0.0,0.8713418648703475,0.0,0.0,False
2001-11-19,0.8891071753673458,0.0,0.8891071753673458,0.0,0.0,False
2001-11-20,0.864850769902507,0.0,0.864850769902507,0.0,0.0,False
2001-11-21,0.8597487191814299,0.0,0.8597487191814299,0.0,0.0,False
2001-11-23,0.8755530792861584,0.0,0.8755530792861584,0.0,0.0,False
2001-11-26,0.8873098855429968,0.0,0.8873098855429968,0.0,0.0,False
2001-11-27,0.8848456648738778,0.0,0.8848456648738778,0.0,0.0,False
2001-11-28,0.8608769067285829,0.0,0.8608769067285829,0.0,0.0,False
2001-11-29,0.880017266420846,0.0,0.880017266420846,0.0,0.0,False
2001-11-30,0.8735718916824239,0.0,0.8735718916824239,0.0,0.0,False
2001-12-03,0.863476677740471,0.0,0.863476677740471,0.0,0.0,False
2001-12-04,0.8913951102980059,0.0,0.8913951102980059,0.0,0.0,False
2001-12-05,0.9216020763524421,0.0,0.9216020763524421,0.0,0.0,False
2001-12-06,0.9220120412275774,0.0,0.9220120412275774,0.0,0.0,False
2001-12-07,0.9062700313544786,0.0,0.9062700313544786,0.0,0.0,False
2001-12-10,0.8898683844657804,0.0,0.8898683844657804,0.0,0.0,False
2001-12-11,0.8914696050763434,0.0,0.8914696050763434,0.0,0.0,False
2001-12-12,0.8955445433742638,0.0,0.8955445433742638,0.0,0.0,False
2001-12-13,0.8674525484979185,0.0,0.8674525484979185,0.0,0.0,False
2001-12-14,0.8754123552226837,0.0,0.8754123552226837,0.0,0.0,False
2001-12-17,0.887468562224562,0.0,0.887468562224562,0.0,0.0,False
2001-12-18,0.8951116255025552,0.0,0.8951116255025552,0.0,0.0,False
2001-12-19,0.890129245807345,0.0,0.890129245807345,0.0,0.0,False
2001-12-20,0.8668504607806194,0.0,0.8668504607806194,0.0,0.0,False
2001-12-21,0.8771891305506312,0.0,0.8771891305506312,0.0,0.0,False
2001-12-24,0.8744838204589959,0.05247906281632245,0.7433865055168822,0.08520522359638838,0.045892091345725285,True
2001-12-26,0.8813141109485798,0.05353160445946874,0.7489250148003138,0.08521093775641826,0.04717815839184772,True
2001-12-27,0.8877427856266686,0.05441853892313244,0.7542164003659901,0.08521671992732358,0.04830966533335489,True
2001-12-28,0.8917191734362863,0.05546478759970453,0.7570376902085946,0.08522246867446404,0.0494590145532277,True
2001-12-31,0.867615644042587,0.05097272341789271,0.738162761613569,0.08522815017219829,0.04422473225681964,True
2002-01-02,0.8870581714197433,0.05445798785087071,0.7535169700695146,0.08523379822803677,0.048307403122191964,True
2002-01-03,0.9094049587122246,0.058631532385477185,0.7708456042966905,0.08523954812728486,0.05331980628824934,True
2002-01-04,0.9142070845031502,0.05902850893796487,0.7749975388551675,0.08524526458923773,0.05396428105874501,True
2002-01-07,0.9054024503460185,0.05761657485801151,0.7679853146823304,0.08525094760669957,0.05216618805698843,True
2002-01-08,0.9081826274467059,0.05859963929105114,0.7697068897243183,0.08525656334361154,0.05321917437877604,True
2002-01-09,0.9000525163461945,0.05749240413610956,0.7630441877141851,0.0852621456185117,0.051746183013497773,True
2002-01-10,0.9052563834555504,0.05827665244090098,0.7672333435680864,0.08526772825891796,0.052755311628546096,True
2002-01-11,0.8945438526415309,0.056696939371224234,0.7585526427985584,0.08527331126485423,0.050717898578118224,True
2002-01-14,0.8805857347575066,0.05382018525321387,0.7479137557766755,0.08527869160484461,0.047393287375986456,True
2002-01-15,0.888534650909442,0.05485004446617453,0.7545145827170086,0.0852839030803136,0.048736165112119756,True
2002-01-16,0.8606538694843326,0.05004646409626831,0.7322920039460362,0.08528918255983445,0.04307268297846205,True
2002-01-17,0.8745222341566722,0.052557949690945516,0.7432646423587874,0.0852944962114651,0.04596309558641965,True
2002-01-18,0.8591971166055086,0.04919454374573572,0.7316293947313341,0.0852999117351148,0.04226781013905968,True
2002-01-22,0.8414813482402747,0.045573337039399746,0.717826975240223,0.08530525990432916,0.038349113095722545,True
2002-01-23,0.8572791162236677,0.048420387453210596,0.7304585177441385,0.08531081151643323,0.04150978696309595,True
2002-01-24,0.864904686144631,0.04989453035670171,0.7364342079759084,0.08531646505022573,0.043154013118496856,True
2002-01-25,0.8633983947791188,0.04954790389053279,0.7352966951366857,0.08532211895867702,0.04277958068375607,True
2002-01-28,0.8672094754821358,0.0501585181200099,0.7383837261925575,0.08532780709976333,0.04349794218981499,True
2002-01-29,0.8419063838258519,0.04740848371770324,0.7166593492557423,0.0853335294806713,0.03991350508943831,True
2002-01-30,0.8507205671245572,0.0479824612061133,0.7245616144074388,0.08533928610782154,0.04081966660929677,True
2002-01-31,0.8580003349241395,0.04846065560317068,0.7310760669274238,0.0853450092585519,0.04157925873816382,True
2002-02-01,0.8515752266122102,0.04740883175638021,0.7258522055716492,0.08535083439420137,0.04037218664635962,True
2002-02-04,0.8270683831474199,0.04411926418404557,0.7052221085949745,0.08535662605809302,0.03648964849435244,True
2002-02-05,0.8171720531049818,0.0,0.8171720531049818,0.0,0.0,False
2002-02-06,0.8126000421374258,0.0,0.8126000421374258,0.0,0.0,False
2002-02-07,0.8002556188744314,0.0,0.8002556188744314,0.0,0.0,False
2002-02-08,0.8190663317522614,0.0,0.8190663317522614,0.0,0.0,False
2002-02-11,0.8292968394310082,0.0,0.8292968394310082,0.0,0.0,False
2002-02-12,0.8245987477209523,0.0,0.8245987477209523,0.0,0.0,False
2002-02-13,0.8360144655421963,0.0,0.8360144655421963,0.0,0.0,False
2002-02-14,0.834440600789173,0.0,0.834440600789173,0.0,0.0,False
2002-02-15,0.8176401097706463,0.0,0.8176401097706463,0.0,0.0,False
2002-02-19,0.7972190559593277,0.0,0.7972190559593277,0.0,0.0,False
2002-02-20,0.809328232637361,0.0,0.809328232637361,0.0,0.0,False
2002-02-21,0.7817230567044444,0.0,0.7817230567044444,0.0,0.0,False
2002-02-22,0.7885434205569175,0.0,0.7885434205569175,0.0,0.0,False
2002-02-25,0.810987526377375,0.0,0.810987526377375,0.0,0.0,False
2002-02-26,0.8086448143006973,0.0,0.8086448143006973,0.0,0.0,False
2002-02-27,0.8046442024384305,0.0,0.8046442024384305,0.0,0.0,False
2002-02-28,0.7955913503644442,0.0,0.7955913503644442,0.0,0.0,False
2002-03-01,0.827941790197345,0.0,0.827941790197345,0.0,0.0,False
2002-03-04,0.8515892658647954,0.0,0.8515892658647954,0.0,0.0,False
2002-03-05,0.8533226021396139,0.0,0.8533226021396139,0.0,0.0,False
2002-03-06,0.8604412703323093,0.0,0.8604412703323093,0.0,0.0,False
2002-03-07,0.8604349219179211,0.0,0.8604349219179211,0.0,0.0,False
2002-03-08,0.8735482887558398,0.0,0.8735482887558398,0.0,0.0,False
2002-03-11,0.8729002190741022,0.0,0.8729002190741022,0.0,0.0,False
2002-03-12,0.8666360509659561,0.0,0.8666360509659561,0.0,0.0,False
2002-03-13,0.851966059026329,0.0,0.851966059026329,0.0,0.0,False
2002-03-14,0.8488516075156322,0.0,0.8488516075156322,0.0,0.0,False
2002-03-15,0.8571558053922956,0.0,0.8571558053922956,0.0,0.0,False
2002-03-18,0.8596467270745255,0.0,0.8596467270745255,0.0,0.0,False
2002-03-19,0.8618318470869364,0.0,0.8618318470869364,0.0,0.0,False
2002-03-20,0.8385064877163799,0.0,0.8385064877163799,0.0,0.0,False
2002-03-21,0.8498497183760597,0.0,0.8498497183760597,0.0,0.0,False
2002-03-22,0.8450256987366408,0.0,0.8450256987366408,0.0,0.0,False
2002-03-25,0.8268724736394228,0.0,0.8268724736394228,0.0,0.0,False
2002-03-26,0.8331109872042863,0.0,0.8331109872042863,0.0,0.0,False
2002-03-27,0.8309549565418551,0.0,0.8309549565418551,0.0,0.0,False
2002-03-28,0.8360239596675684,0.0,0.8360239596675684,0.0,0.0,False
2002-04-01,0.844205117132571,0.0,0.844205117132571,0.0,0.0,False
2002-04-02,0.8228173957838609,0.0,0.8228173957838609,0.0,0.0,False
2002-04-03,0.8192251632981297,0.0,0.8192251632981297,0.0,0.0,False
2002-04-04,0.8143666979411381,0.0,0.8143666979411381,0.0,0.0,False
2002-04-05,0.8098702955775651,0.0,0.8098702955775651,0.0,0.0,False
2002-04-08,0.815798987165621,0.0,0.815798987165621,0.0,0.0,False
2002-04-09,0.7987626022282539,0.0,0.7987626022282539,0.0,0.0,False
2002-04-10,0.8062582533908929,0.0,0.8062582533908929,0.0,0.0,False
2002-04-11,0.7862277610092113,0.0,0.7862277610092113,0.0,0.0,False
2002-04-12,0.7953724799672606,0.0,0.7953724799672606,0.0,0.0,False
2002-04-15,0.7955419112194821,0.0,0.7955419112194821,0.0,0.0,False
2002-04-16,0.8216013892868383,0.0,0.8216013892868383,0.0,0.0,False
2002-04-17,0.8186300068072646,0.0,0.8186300068072646,0.0,0.0,False
2002-04-18,0.8090232137519432,0.0,0.8090232137519432,0.0,0.0,False
2002-04-19,0.8117932095966577,0.0,0.8117932095966577,0.0,0.0,False
2002-04-22,0.7947854451696583,0.0,0.7947854451696583,0.0,0.0,False
2002-04-23,0.7862055465192862,0.0,0.7862055465192862,0.0,0.0,False
2002-04-24,0.7761839281312876,0.0,0.7761839281312876,0.0,0.0,False
2002-04-25,0.7754414283979816,0.0,0.7754414283979816,0.0,0.0,False
2002-04-26,0.7515707242432002,0.0,0.7515707242432002,0.0,0.0,False
2002-04-29,0.7506846005590622,0.0,0.7506846005590622,0.0,0.0,False
2002-04-30,0.7615545708334897,0.0,0.7615545708334897,0.0,0.0,False
2002-05-01,0.7641743499899942,0.0,0.7641743499899942,0.0,0.0,False
2002-05-02,0.7499921611553849,0.0,0.7499921611553849,0.0,0.0,False
2002-05-03,0.7364600093983418,0.0,0.7364600093983418,0.0,0.0,False
2002-05-06,0.7197039018124521,0.0,0.7197039018124521,0.0,0.0,False
2002-05-07,0.7150874913758295,0.0,0.7150874913758295,0.0,0.0,False
2002-05-08,0.7666347442585675,0.0,0.7666347442585675,0.0,0.0,False
2002-05-09,0.7523107581085684,0.0,0.7523107581085684,0.0,0.0,False
2002-05-10,0.7283308541574792,0.0,0.7283308541574792,0.0,0.0,False
2002-05-13,0.7505201328416059,0.0,0.7505201328416059,0.0,0.0,False
2002-05-14,0.78077651604395,0.0,0.78077651604395,0.0,0.0,False
2002-05-15,0.7821301423306875,0.0,0.7821301423306875,0.0,0.0,False
2002-05-16,0.7847563117003713,0.0,0.7847563117003713,0.0,0.0,False
2002-05-17,0.7875120943031305,0.0,0.7875120943031305,0.0,0.0,False
2002-05-20,0.7746422270364676,0.0,0.7746422270364676,0.0,0.0,False
2002-05-21,0.7605295740804306,0.0,0.7605295740804306,0.0,0.0,False
2002-05-22,0.7622188314550451,0.0,0.7622188314550451,0.0,0.0,False
2002-05-23,0.7739232212341669,0.0,0.7739232212341669,0.0,0.0,False
2002-05-24,0.7594237683304376,0.0,0.7594237683304376,0.0,0.0,False
2002-05-28,0.7556605907470628,0.0,0.7556605907470628,0.0,0.0,False
2002-05-29,0.7429025594022002,0.0,0.7429025594022002,0.0,0.0,False
2002-05-30,0.7450534478017834,0.0,0.7450534478017834,0.0,0.0,False
2002-05-31,0.739720283001755,0.0,0.739720283001755,0.0,0.0,False
2002-06-03,0.7168380541887135,0.0,0.7168380541887135,0.0,0.0,False
2002-06-04,0.722430748332206,0.0,0.722430748332206,0.0,0.0,False
2002-06-05,0.7295050050353769,0.0,0.7295050050353769,0.0,0.0,False
2002-06-06,0.712487222331835,0.0,0.712487222331835,0.0,0.0,False
2002-06-07,0.7049192619148755,0.0,0.7049192619148755,0.0,0.0,False
2002-06-10,0.705660683082731,0.0,0.705660683082731,0.0,0.0,False
2002-06-11,0.6897402789932603,0.0,0.6897402789932603,0.0,0.0,False
2002-06-12,0.6968609682310798,0.0,0.6968609682310798,0.0,0.0,False
2002-06-13,0.6911112003119654,0.0,0.6911112003119654,0.0,0.0,False
2002-06-14,0.6898516231520028,0.0,0.6898516231520028,0.0,0.0,False
2002-06-17,0.7108432809495595,0.0,0.7108432809495595,0.0,0.0,False
2002-06-18,0.7194692221189707,0.0,0.7194692221189707,0.0,0.0,False
2002-06-19,0.6902475976650201,0.0,0.6902475976650201,0.0,0.0,False
2002-06-20,0.6747291954612928,0.0,0.6747291954612928,0.0,0.0,False
2002-06-21,0.6612938131215563,0.0,0.6612938131215563,0.0,0.0,False
2002-06-24,0.6695567727872982,0.0,0.6695567727872982,0.0,0.0,False
2002-06-25,0.6509807037729015,0.0,0.6509807037729015,0.0,0.0,False
2002-06-26,0.6539438237374512,0.0,0.6539438237374512,0.0,0.0,False
2002-06-27,0.666804016310269,0.0,0.666804016310269,0.0,0.0,False
2002-06-28,0.6638288366065321,0.0,0.6638288366065321,0.0,0.0,False
2002-07-01,0.6414592042408891,0.0,0.6414592042408891,0.0,0.0,False
2002-07-02,0.6230339143104597,0.0,0.6230339143104597,0.0,0.0,False
2002-07-03,0.6352110048360495,0.0,0.6352110048360495,0.0,0.0,False
2002-07-05,0.6682512686954205,0.0,0.6682512686954205,0.0,0.0,False
2002-07-08,0.6519014224494948,0.0,0.6519014224494948,0.0,0.0,False
2002-07-09,0.6344450688319,0.0,0.6344450688319,0.0,0.0,False
2002-07-10,0.6131212470115751,0.0,0.6131212470115751,0.0,0.0,False
2002-07-11,0.6271610586041731,0.0,0.6271610586041731,0.0,0.0,False
2002-07-12,0.6237169337887812,0.0,0.6237169337887812,0.0,0.0,False
2002-07-15,0.6350635187771078,0.0,0.6350635187771078,0.0,0.0,False
2002-07-16,0.6242235809286848,0.0,0.6242235809286848,0.0,0.0,False
2002-07-17,0.6305436548744255,0.0,0.6305436548744255,0.0,0.0,False
2002-07-18,0.6090208769855244,0.0,0.6090208769855244,0.0,0.0,False
2002-07-19,0.5891918763770845,0.0,0.5891918763770845,0.0,0.0,False
2002-07-22,0.5732178497766898,0.0,0.5732178497766898,0.0,0.0,False
2002-07-23,0.5531242458317229,0.0,0.5531242458317229,0.0,0.0,False
2002-07-24,0.5846875595483568,0.0,0.5846875595483568,0.0,0.0,False
2002-07-25,0.5652465359455758,0.0,0.5652465359455758,0.0,0.0,False
2002-07-26,0.575964620309172,0.0,0.575964620309172,0.0,0.0,False
2002-07-29,0.6047296394559637,0.0,0.6047296394559637,0.0,0.0,False
2002-07-30,0.6147607973877515,0.0,0.6147607973877515,0.0,0.0,False
2002-07-31,0.6096881336971836,0.0,0.6096881336971836,0.0,0.0,False
2002-08-01,0.5874135134193965,0.0,0.5874135134193965,0.0,0.0,False
2002-08-02,0.5746279845569713,0.0,0.5746279845569713,0.0,0.0,False
2002-08-05,0.5541708746767211,0.0,0.5541708746767211,0.0,0.0,False
2002-08-06,0.5771977176046462,0.0,0.5771977176046462,0.0,0.0,False
2002-08-07,0.5860786323943208,0.0,0.5860786323943208,0.0,0.0,False
2002-08-08,0.6054546599137824,0.0,0.6054546599137824,0.0,0.0,False
2002-08-09,0.6035037274037637,0.0,0.6035037274037637,0.0,0.0,False
2002-08-12,0.6021946801769777,0.0,0.6021946801769777,0.0,0.0,False
2002-08-13,0.5864183463932603,0.0,0.5864183463932603,0.0,0.0,False
2002-08-14,0.6158113080865517,0.0,0.6158113080865517,0.0,0.0,False
2002-08-15,0.6263610859992531,0.0,0.6263610859992531,0.0,0.0,False
2002-08-16,0.6275935234466972,0.0,0.6275935234466972,0.0,0.0,False
2002-08-19,0.6425544485270962,0.0,0.6425544485270962,0.0,0.0,False
2002-08-20,0.637756197510142,0.0,0.637756197510142,0.0,0.0,False
2002-08-21,0.6494398019773143,0.0,0.6494398019773143,0.0,0.0,False
2002-08-22,0.6577641996376823,0.0,0.6577641996376823,0.0,0.0,False
2002-08-23,0.637990693590199,0.0,0.637990693590199,0.0,0.0,False
2002-08-26,0.6414844925359059,0.0,0.6414844925359059,0.0,0.0,False
2002-08-27,0.6266023153465505,0.0,0.6266023153465505,0.0,0.0,False
2002-08-28,0.6083063129317164,0.0,0.6083063129317164,0.0,0.0,False
2002-08-29,0.6124541125447048,0.0,0.6124541125447048,0.0,0.0,False
2002-08-30,0.6073960135805534,0.0,0.6073960135805534,0.0,0.0,False
2002-09-03,0.5848252098601523,0.0,0.5848252098601523,0.0,0.0,False
2002-09-04,0.5901609095057264,0.0,0.5901609095057264,0.0,0.0,False
2002-09-05,0.5803863372526796,0.0,0.5803863372526796,0.0,0.0,False
2002-09-06,0.5932752061150246,0.0,0.5932752061150246,0.0,0.0,False
2002-09-09,0.5984365149831921,0.0,0.5984365149831921,0.0,0.0,False
2002-09-10,0.6092584624999083,0.0,0.6092584624999083,0.0,0.0,False
2002-09-11,0.6047889354846093,0.0,0.6047889354846093,0.0,0.0,False
2002-09-12,0.5909610928863704,0.0,0.5909610928863704,0.0,0.0,False
2002-09-13,0.5940195938095019,0.0,0.5940195938095019,0.0,0.0,False
2002-09-16,0.5904850325895941,0.0,0.5904850325895941,0.0,0.0,False
2002-09-17,0.577465003600775,0.0,0.577465003600775,0.0,0.0,False
2002-09-18,0.5713176772650972,0.0,0.5713176772650972,0.0,0.0,False
2002-09-19,0.5593664180882226,0.0,0.5593664180882226,0.0,0.0,False
2002-09-20,0.560625742347141,0.0,0.560625742347141,0.0,0.0,False
2002-09-23,0.549924581285202,0.0,0.549924581285202,0.0,0.0,False
2002-09-24,0.5456186027157669,0.0,0.5456186027157669,0.0,0.0,False
2002-09-25,0.5632766603342537,0.0,0.5632766603342537,0.0,0.0,False
2002-09-26,0.5644077056701873,0.0,0.5644077056701873,0.0,0.0,False
2002-09-27,0.5508091640282171,0.0,0.5508091640282171,0.0,0.0,False
2002-09-30,0.5399891014842096,0.0,0.5399891014842096,0.0,0.0,False
2002-10-01,0.5693809069049223,0.0,0.5693809069049223,0.0,0.0,False
2002-10-02,0.5513903435406037,0.0,0.5513903435406037,0.0,0.0,False
2002-10-03,0.5419886163385063,0.0,0.5419886163385063,0.0,0.0,False
2002-10-04,0.5319211307092412,0.0,0.5319211307092412,0.0,0.0,False
2002-10-07,0.5239408765089252,0.0,0.5239408765089252,0.0,0.0,False
2002-10-08,0.5285660587806675,0.0,0.5285660587806675,0.0,0.0,False
2002-10-09,0.5192698968866474,0.0,0.5192698968866474,0.0,0.0,False
2002-10-10,0.5408823299786449,0.0,0.5408823299786449,0.0,0.0,False
2002-10-11,0.5673478648658214,0.0,0.5673478648658214,0.0,0.0,False
2002-10-14,0.5722513072892217,0.0,0.5722513072892217,0.0,0.0,False
2002-10-15,0.5997575741414246,0.0,0.5997575741414246,0.0,0.0,False
2002-10-16,0.5825608186620964,0.0,0.5825608186620964,0.0,0.0,False
2002-10-17,0.5981953503182196,0.0,0.5981953503182196,0.0,0.0,False
2002-10-18,0.6027509575998067,0.0,0.6027509575998067,0.0,0.0,False
2002-10-21,0.614028749247678,0.0,0.614028749247678,0.0,0.0,False
2002-10-22,0.6099195985520037,0.0,0.6099195985520037,0.0,0.0,False
2002-10-23,0.6180471389213453,0.0,0.6180471389213453,0.0,0.0,False
2002-10-24,0.6039551789434376,0.0,0.6039551789434376,0.0,0.0,False
2002-10-25,0.6193101936818998,0.0,0.6193101936818998,0.0,0.0,False
2002-10-28,0.6146522416731262,0.0,0.6146522416731262,0.0,0.0,False
2002-10-29,0.6039321737342325,0.0,0.6039321737342325,0.0,0.0,False
2002-10-30,0.6149436362214498,0.0,0.6149436362214498,0.0,0.0,False
2002-10-31,0.6116899369814534,0.0,0.6116899369814534,0.0,0.0,False
2002-11-01,0.626457088999239,0.0,0.626457088999239,0.0,0.0,False
2002-11-04,0.6375043436438946,0.0,0.6375043436438946,0.0,0.0,False
2002-11-05,0.6424843513036862,0.0,0.6424843513036862,0.0,0.0,False
2002-11-06,0.6512001864714434,0.0,0.6512001864714434,0.0,0.0,False
2002-11-07,0.6317814783640099,0.0,0.6317814783640099,0.0,0.0,False
2002-11-08,0.6221050523808096,0.0,0.6221050523808096,0.0,0.0,False
2002-11-11,0.607852799033165,0.0,0.607852799033165,0.0,0.0,False
2002-11-12,0.6180144774448164,0.0,0.6180144774448164,0.0,0.0,False
2002-11-13,0.6220455866039664,0.0,0.6220455866039664,0.0,0.0,False
2002-11-14,0.638638035713989,0.0,0.638638035713989,0.0,0.0,False
2002-11-15,0.6450904414375014,0.05247906281632243,0.5483823917415211,0.06285430789757243,0.033853741798407805,True
2002-11-18,0.6367853639692129,0.050802139918737596,0.5415780113333806,0.06285729347726417,0.0323500591585682,True
2002-11-19,0.6307759785035211,0.04891532140622337,0.537061077109252,0.06286029167044427,0.03085460972382478,True
2002-11-20,0.652091729971713,0.053340725718632825,0.5544454237866538,0.06286326007324922,0.03478304611180993,True
2002-11-21,0.6713781330350322,0.05755426790754834,0.5698712125155855,0.06286624358347892,0.03864067693596788,True
2002-11-22,0.6692014216411455,0.05766944602097783,0.5677397166485341,0.06286922973011574,0.038592475262495665,True
2002-11-25,0.6732730217815677,0.058986230714410774,0.5706869654717471,0.06287221851322443,0.03971383779659606,True
2002-11-26,0.6542519757108771,0.05457539996209398,0.5556706950421608,0.06287521741830507,0.03570606325041131,True
2002-11-27,0.6743048383005857,0.057994212639997454,0.5723208436575739,0.06287821646642872,0.03910577817658327,True
2002-11-29,0.6706442770711388,0.057110336615534454,0.5694623285248974,0.0628812281334269,0.038300720412814494,True
2002-12-02,0.6751319086859983,0.05844045476104142,0.5727926654504465,0.06288422746825213,0.03945501576729963,True
2002-12-03,0.6592965641192885,0.05451247318898549,0.5604694434117348,0.06288723443241077,0.03593988627514297,True
2002-12-04,0.649457022350138,0.05166316494511726,0.5530137880169572,0.06289022906274085,0.03355300527043989,True
2002-12-05,0.6411514478826496,0.05013749260600337,0.5461125055564169,0.06289321634868797,0.0321457259775447,True
2002-12-06,0.646748897357998,0.05123210801440046,0.5507184091714292,0.06289617881892944,0.03313430936763935,True
2002-12-09,0.6214790134098882,0.04575318810539649,0.5301452357607661,0.06289913144502322,0.028434646204098843,True
2002-12-10,0.6303103841884219,0.047143890658586936,0.5376929812014375,0.06290211915383351,0.029715283833150887,True
2002-12-11,0.6322241223061725,0.0476546844249494,0.5391905867478386,0.06290509452399268,0.030128441034341265,True
2002-12-12,0.6341201670529658,0.14743578475955288,0.540628162591653,0.0,0.09349200446131278,True
2002-12-13,0.6123812115629313,0.13812144134527962,0.5277982359690907,0.0,0.08458297559384069,True
2002-12-16,0.6359356731372368,0.14589134153361802,0.5431581646541609,0.0,0.09277750848307588,True
2002-12-17,0.6352518186556142,0.14738038598449235,0.541628160424799,0.0,0.09362365823081516,True
2002-12-18,0.6204047424191297,0.1412800011169451,0.532753959717197,0.0,0.08765078270193269,True
2002-12-19,0.6118180037595806,0.13782046119944347,0.5274969643113123,0.0,0.08432103944826824,True
2002-12-20,0.6209289804883513,0.14000340662957622,0.5339968079449524,0.0,0.08693217254339886,True
2002-12-23,0.6282996337776989,0.14407606309758858,0.5377766960973513,0.0,0.09052293768034755,True
2002-12-24,0.6195462444043833,0.14062355638076474,0.5324234481738924,0.0,0.08712279623049085,True
2002-12-26,0.6181947712231467,0.13974118876596306,0.5318074990035216,0.0,0.0863872722196251,True
2002-12-27,0.6026478408381662,0.13549835885770278,0.5209900474354566,0.0,0.0816577934027096,True
2002-12-30,0.6009409473761936,0.1327400435326463,0.521172019860928,0.0,0.07976892751526565,True
2002-12-31,0.5960061729193726,0.12957923029993743,0.5187761517784689,0.0,0.07723002114090372,True
2003-01-02,0.6250979201783169,0.13919327660205968,0.5380884924715642,0.0,0.08700942770675268,True
2003-01-03,0.6317544204058774,0.14225922967929489,0.5418815232124479,0.0,0.08987289719342953,True
2003-01-06,0.6499868744602335,0.148583984506188,0.5534092347762086,0.0,0.0965776396840249,True
2003-01-07,0.6563884251141169,0.15264507639477073,0.5561939638179293,0.0,0.10019446129618761,True
2003-01-08,0.6360680357297613,0.14419723163614423,0.5443487858452897,0.0,0.09171924988447165,True
2003-01-09,0.6571880668505924,0.1524725597470506,0.5569849200626668,0.0,0.10020314678792562,True
2003-01-10,0.6665975247623952,0.15705180743925126,0.56190717866393,0.0,0.10469034609846521,True
2003-01-13,0.6629771081218401,0.15508726781972923,0.5601577997961986,0.0,0.1028193083256414,True
2003-01-14,0.6669221511671438,0.15654833658317252,0.5625165977714564,0.0,0.1044055533956875,True
2003-01-15,0.6566385568195497,0.15298513812100464,0.5561826165089337,0.0,0.10045594031061597,True
2003-01-16,0.6489774894885756,0.1495560989705676,0.5519189478409517,0.0,0.0970585416476239,True
2003-01-17,0.6206449722717284,0.13630742506958013,0.5360464542189882,0.0,0.08459851805274027,True
2003-01-21,0.6106898293111441,0.13390939345357264,0.528912724679823,0.0,0.08177710463132112,True
2003-01-22,0.6054405293352153,0.1334304723124937,0.5246563135488913,0.0,0.08078421578632397,True
2003-01-23,0.6187756286175186,0.13964621043453918,0.5323659569718323,0.0,0.08640967164568626,True
2003-01-24,0.5975588126905322,0.13284721337218527,0.5181747895986034,0.0,0.07938402309192884,True
2003-01-27,0.5881969446472248,0.13020922132068924,0.5116082785015011,0.0,0.0765886661457237,True
2003-01-28,0.5950250297383652,0.13263006178208328,0.5161068232822799,0.0,0.07891820645608533,True
2003-01-29,0.6043545907675403,0.13641064894819038,0.5219141888461221,0.0,0.0824404019214182,True
2003-01-30,0.5850193404919286,0.12997098078401922,0.5089838030305726,0.0,0.07603553746135605,True
2003-01-31,0.5887385465610704,0.1281801252918986,0.5132739658987021,0.0,0.07546458066236827,True
2003-02-03,0.5902215843326228,0.12862248876824814,0.5143058152310225,0.0,0.0759157691016004,True
2003-02-04,0.581734467854967,0.12568200653096204,0.5086209126667333,0.0,0.07311355518823369,True
2003-02-05,0.5779900337894303,0.12474991852250052,0.5058858241673815,0.0,0.07210420962204875,True
2003-02-06,0.5793194714632727,0.12646001908340862,0.506058720046637,0.0,0.07326075141663566,True
2003-02-07,0.5684095084879185,0.12247757146658383,0.49879209228980365,0.0,0.06961741619811483,True
2003-02-10,0.574204416011525,0.1244307455134016,0.5027557324501236,0.0,0.07144868356140145,True
2003-02-11,0.5749776852163747,0.12626054690813762,0.5023806882209803,0.0,0.07259699699539447,True
2003-02-12,0.5645535633315742,0.12330033762940187,0.4949439183629092,0.0,0.06960964496866502,True
2003-02-13,0.5675943050096439,0.12447284059949956,0.4969442295569948,0.0,0.07065007545264915,True
2003-02-14,0.5835922961275419,0.12938564431580554,0.5080838308753395,0.0,0.0755084652522024,True
2003-02-18,0.6029612763410295,0.13686763758057663,0.5204353908956635,0.0,0.08252588544536593,True
2003-02-19,0.5981621938050554,0.13515720205668227,0.5173162653142772,0.0,0.08084592849077822,True
2003-02-20,0.5935688379686443,0.13455117094757402,0.5137034557819724,0.0,0.07986538218667193,True
2003-02-21,0.5999214933515233,0.13614308753950263,0.5182463289653377,0.0,0.08167516438618559,True
2003-02-24,0.5870972303535966,0.13196444079589728,0.5096212726571642,0.0,0.07747595769643247,True
2003-02-25,0.5897127881648481,0.13183571647182551,0.5119675802245375,0.0,0.07774520794031062,True
2003-02-26,0.5751095846286376,0.12615607786045518,0.5025560150919332,0.0,0.07255356953670444,True
2003-02-27,0.5890674622434705,0.13153780874786275,0.5115828190553,0.0,0.07748464318817049,True
2003-02-28,0.5984401285642473,0.13557185018740606,0.5173084931084032,0.0,0.08113163545584416,True
2003-03-03,0.5857829573113846,0.13005673585170704,0.5095979379659061,0.0,0.07618501934547854,True
2003-03-04,0.5787687847718705,0.12920812023846592,0.5039871580387959,0.0,0.07478162673307466,True
2003-03-05,0.5818602653712281,0.12928762123081616,0.5066329357726507,0.0,0.07522732959857752,True
2003-03-06,0.5785533398650039,0.12905317260196134,0.5038891958359644,0.0,0.07466414402903955,True
2003-03-07,0.5812483010657506,0.12922083320618935,0.5061389113023523,0.0,0.0751093897633983,True
2003-03-10,0.5648304745106922,0.12434137962657524,0.49459867405489966,0.0,0.07023180045579261,True
2003-03-11,0.5583808944120264,0.1224578676504446,0.4900027607455816,0.0,0.06837813366644481,True
2003-03-12,0.5681460355783663,0.12685749318311015,0.4960724537429726,0.0,0.07207358183539367,True
2003-03-13,0.6033355573168552,0.13999905380636193,0.5188691501647614,0.0,0.08446640715209378,True
2003-03-14,0.6061591916813027,0.14095624744487467,0.5207172666676878,0.0,0.08544192501361492,True
2003-03-17,0.6320250149212419,0.14904272297171373,0.537826285711142,0.0,0.09419872921009988,True
2003-03-18,0.6404319926717874,0.15253669982810172,0.5427426100452979,0.0,0.09768938262648948,True
2003-03-19,0.6376788058035745,0.1492460566157314,0.5425077586499623,0.0,0.09517104715361227,True
2003-03-20,0.6403350105697498,0.1502732007208249,0.5441098189978303,0.0,0.09622519157191955,True
2003-03-21,0.6538676218425168,0.15323425580394245,0.553672703415185,0.0,0.10019491842733172,True
2003-03-24,0.620636853321871,0.14127062060551535,0.5329590998824361,0.0,0.08767775343943492,True
2003-03-25,0.6306979429969739,0.14492054020955125,0.5392968563887997,0.0,0.09140108660817423,True
2003-03-26,0.6324160168566345,0.14696567545893763,0.5394725697682483,0.0,0.09294344708838617,True
2003-03-27,0.6286937931995917,0.14463940882271373,0.5377598946206933,0.0,0.09093389857889839,True
2003-03-28,0.6213649144797232,0.14149427134662554,0.5334453386650565,0.0,0.08791957581466672,True
2003-03-31,0.5984087233890523,0.13287166375320408,0.518897160707918,0.0,0.07951156268113427,True
2003-04-01,0.6063207927461497,0.13423346870590774,0.5249322495873182,0.0,0.08138854315883146,True
2003-04-02,0.6265879635657243,0.14058913073201776,0.5384965064408739,0.0,0.08809145712485039,True
2003-04-03,0.6320238284213803,0.14463532529500533,0.5406108564034593,0.0,0.09141297201792097,True
2003-04-04,0.624769796659622,0.13916394456236217,0.5378243673130441,0.0,0.08694542934657791,True
2003-04-07,0.625051144912137,0.13972002612165021,0.5377189826176458,0.0,0.08733216229449116,True
2003-04-08,0.624854625925646,0.13925990994672896,0.5378374269894436,0.0,0.08701719893620247,True
2003-04-09,0.6091013245515844,0.13297076253718912,0.5281086569635483,0.0,0.08099266758803608,True
2003-04-10,0.6167190696119629,0.13610553321240745,0.5327801918001669,0.0,0.08393887781179604,True
2003-04-11,0.6103811203932188,0.13333379139594806,0.5289966914146843,0.0,0.0813844289785345,True
2003-04-14,0.6261997189080483,0.13789277360735386,0.5398513028356722,0.0,0.08634841607237613,True
2003-04-15,0.633784779435696,0.1401460128205667,0.5449623696114209,0.0,0.0888224098242751,True
2003-04-16,0.6278966077909862,0.14046866333025848,0.5396968105849829,0.0,0.0881997972060034,True
2003-04-17,0.6441175974340779,0.14630919651882124,0.5498772692898645,0.0,0.09424032814421349,True
2003-04-21,0.6464581120318228,0.1473867919072149,0.5511787247970575,0.0,0.09527938723476528,True
2003-04-22,0.6622745821043668,0.15202074813165278,0.5615951046642833,0.0,0.10067947744008356,True
2003-04-23,0.6690901440738265,0.1537393421234524,0.5662246655026304,0.0,0.10286547857119606,True
2003-04-24,0.6633429179140498,0.15252086586680164,0.5621692817071882,0.0,0.1011736362068616,True
2003-04-25,0.6485750199371408,0.14694308639059148,0.553271404751738,0.0,0.09530361518540287,True
2003-04-28,0.6644063234793947,0.1518825099870061,0.5634946234181055,0.0,0.10091170006128915,True
2003-04-29,0.6706893657817825,0.15454167573168393,0.5670399072984456,0.0,0.10364945848333698,True
2003-04-30,0.6640549149306162,0.15133300395033245,0.5635614898661836,0.0,0.10049342506443261,True
2003-05-01,0.6691081415655017,0.15410618161242493,0.5659944407830564,0.0,0.10311370078244533,True
2003-05-02,0.6857474586325418,0.1599554964126171,0.576058383473283,0.0,0.10968907515925885,True
2003-05-05,0.6845194711263887,0.15970752874704586,0.5751965580135583,0.0,0.10932291311283035,True
2003-05-06,0.695067148047334,0.16327212773431582,0.5815820558674231,0.0,0.11348509217991093,True
2003-05-07,0.6863793848195913,0.15976560658921773,0.5767195660535551,0.0,0.1096598187660361,True
2003-05-08,0.6721126073124607,0.15413484736392624,0.5685166331729841,0.0,0.10359597413947663,True
2003-05-09,0.6897458500973304,0.1605552324811393,0.5790035447820524,0.0,0.11074230531527793,True
2003-05-12,0.70269054209757,0.16472881016931326,0.5869371651806076,0.0,0.11575337691696243,True
2003-05-13,0.6981481394423257,0.16267076230963737,0.5845798493941875,0.0,0.11356829004813812,True
2003-05-14,0.696188491039983,0.1620793735203777,0.5833506965601255,0.0,0.11283779447985753,True
2003-05-15,0.7050741646663903,0.16538432125308908,0.5884659525099506,0.0,0.11660821215643971,True
2003-05-16,0.6994143509441126,0.16289260221525695,0.5854849272921312,0.0,0.11392942365198147,True
2003-05-19,0.6702171802830474,0.1520171045047183,0.5683327051471018,0.0,0.10188447513594565,True
2003-05-20,0.6713233792382104,0.15305971809770919,0.5685708120596084,0.0,0.102752567178602,True
2003-05-21,0.6701849891087083,0.15197120281992008,0.5683361702020029,0.0,0.10184881890670543,True
2003-05-22,0.6815098547042768,0.15589925356288128,0.5752629770601324,0.0,0.10624687764414444,True
2003-05-23,0.682293572777943,0.155862887796027,0.5759493262001041,0.0,0.10634424657783892,True
2003-05-27,0.7089157644145697,0.16600152635741938,0.5912346654629144,0.0,0.11768109895165531,True
2003-05-28,0.7117404032301443,0.16685142429768626,0.5929855032209852,0.0,0.11875490000915913,True
2003-05-29,0.7136303113006579,0.1684356786903959,0.5934295054826931,0.0,0.12020080581796483,True
2003-05-30,0.7291342372444285,0.17292802100237534,0.6030464965526731,0.0,0.12608774069175546,True
2003-06-02,0.7255666889998899,0.170076217610109,0.6021650509108983,0.0,0.12340163808899154,True
2003-06-03,0.7331391157696316,0.1730732997358205,0.6062523098379798,0.0,0.12688680593165186,True
2003-06-04,0.750316274358947,0.17860018245717413,0.6163096508578519,0.0,0.13400662350109505,True
2003-06-05,0.7569548017170658,0.1808481345210272,0.6200609379098003,0.0,0.13689386380726537,True
2003-06-06,0.743724372363606,0.17484616426319274,0.613687018586779,0.0,0.13003735377682699,True
2003-06-09,0.7313306665708087,0.17070160085392258,0.6064913510336054,0.0,0.12483931553720333,True
2003-06-10,0.7446575169005298,0.1752348034471289,0.6141676032910384,0.0,0.13048991360949141,True
2003-06-11,0.7557575113947839,0.1784720237341513,0.6208759388838708,0.0,0.13488157251091298,True
2003-06-12,0.7597440422762751,0.17977925057241032,0.6231578277289928,0.0,0.13658621454728237,True
2003-06-13,0.7402346026309179,0.17203062699429436,0.6128915798174487,0.0,0.12734302281346915,True
2003-06-16,0.7678228349688179,0.1811055910922731,0.6287658265876452,0.0,0.1390570083811726,True
2003-06-17,0.7649610286042816,0.1796389838144402,0.6275442067681595,0.0,0.13741682183612208,True
2003-06-18,0.7684403273474835,0.18159123039096906,0.6288983028224149,0.0,0.13954202452506856,True
2003-06-19,0.7517688597382588,0.1765889640766267,0.6190147755720128,0.0,0.13275408416624598,True
2003-06-20,0.7501375529846848,0.1762514626358459,0.6179247120930597,0.0,0.13221284089162505,True
2003-06-23,0.7360340386410164,0.17126719374457466,0.6099755543424836,0.0,0.1260584842985327,True
2003-06-24,0.7310739342041513,0.16842860000553758,0.6079401749656056,0.0,0.1231337592385457,True
2003-06-25,0.7243722601242824,0.16721391977457062,0.6032471351329363,0.0,0.12112512499134614,True
2003-06-26,0.7440517017835211,0.1743490079564413,0.6143270257092622,0.0,0.1297246760742588,True
2003-06-27,0.7315035889865387,0.17045002524627417,0.606818783776043,0.0,0.12468480521049569,True
2003-06-30,0.7341189841682061,0.17186964212282183,0.607946217083647,0.0,0.12617276708455907,True
2003-07-01,0.7460182057622866,0.17588089845412022,0.6148078534696849,0.0,0.1312103522926017,True
2003-07-02,0.7641904370595979,0.18219793310902535,0.6249565189256564,0.0,0.13923391813394145,True
2003-07-03,0.751750171558374,0.1781901961831017,0.617795661007707,0.0,0.133954510550667,True
2003-07-07,0.7883111412843793,0.1917406962110215,0.6371598142236075,0.0,0.1511513270607718,True
2003-07-08,0.7991553229664754,0.19605169662851554,0.6424795660291885,0.0,0.1566757569372868,True
2003-07-09,0.7953623881703585,0.19549459064172486,0.6398733436831696,0.0,0.15548904448718892,True
2003-07-10,0.7766157663015885,0.18899393254449534,0.6298400985521945,0.0,0.14677566774939396,True
2003-07-11,0.7853129498563929,0.19113389822080146,0.6352130244270637,0.0,0.15009992542932915,True
2003-07-14,0.7960094910574491,0.19529087279027105,0.6405561027995005,0.0,0.1554533882579487,True
2003-07-15,0.796264811336812,0.1959280743057002,0.6402541802141988,0.0,0.15601063112261326,True
2003-07-16,0.7919204517972237,0.19514302759272056,0.6373826972209183,0.0,0.15453775457630536,True
2003-07-17,0.7635314274596837,0.18386812053326898,0.6231423389245877,0.0,0.14038908853509605,True
2003-07-18,0.7690565881948697,0.18427805782065682,0.6273363337681385,0.0,0.14172025442673125,True
2003-07-21,0.7557115782910857,0.18031148903088237,0.6194480983315418,0.0,0.1362634799595439,True
2003-07-22,0.7692004239211736,0.18504114141869865,0.6268666994990528,0.0,0.14233372442212083,True
2003-07-23,0.7755445575449886,0.18806962875261593,0.6296881805263909,0.0,0.1458563770185978,True
2003-07-24,0.7631442087749096,0.18347801384299312,0.6231240250731067,0.0,0.14002018370180289,True
2003-07-25,0.783176509159049,0.18942443812041118,0.6348237389624911,0.0,0.14835277019655793,True
2003-07-28,0.784141356108125,0.1907706273884025,0.6345502176421852,0.0,0.14959113846593974,True
2003-07-29,0.7768935432080538,0.18817554822999052,0.6307011747985385,0.0,0.14619236840951536,True
2003-07-30,0.7706317949984625,0.18554096241165874,0.6276480300894236,0.0,0.14298376490903883,True
2003-07-31,0.7803224712110722,0.18985891195991647,0.6321712958490648,0.0,0.14815117536200742,True
2003-08-01,0.7693714601617283,0.18635766532886802,0.6259931910753264,0.0,0.1433782690864019,True
2003-08-04,0.7691142076117455,0.186214943664107,0.62589364877006,0.0,0.1432205588416855,True
2003-08-05,0.7331749758773802,0.17220939906036212,0.6069153538754412,0.0,0.12625962200193913,True
2003-08-06,0.734467900708259,0.1715402793882621,0.6084770718190539,0.0,0.1259908288892051,True
2003-08-07,0.7403612574847248,0.1721796385553653,0.6128861237706091,0.0,0.12747513371411567,True
2003-08-08,0.7357639689089654,0.1691151198315773,0.6113351571391689,0.0,0.1244288117697966,True
2003-08-11,0.7443484137182371,0.17264467902432426,0.6158406207495871,0.0,0.12850779296864998,True
2003-08-12,0.7576318229456658,0.17729318408322603,0.6233088646928497,0.0,0.13432295825281604,True
2003-08-13,0.7562472031820049,0.17776467873889068,0.6218131620611712,0.0,0.13443404112083368,True
2003-08-14,0.757770142851125,0.17789967235606508,0.6229630827167012,0.0,0.13480706013442376,True
2003-08-15,0.7649786911689943,0.18081743448164853,0.6266572067986874,0.0,0.13832148437030686,True
2003-08-18,0.7863553789250872,0.1894202239691504,0.6374037669297511,0.0,0.14895161199533616,True
2003-08-19,0.7971177460676586,0.19385002857783815,0.642596448212541,0.0,0.15452129785511756,True
2003-08-20,0.7938500309335463,0.19317727396537626,0.6404962460204742,0.0,0.1533537849130721,True
2003-08-21,0.803305653226105,0.19708285553712182,0.6449878812191913,0.0,0.15831777200691374,True
2003-08-22,0.7951963291175841,0.19540434594153716,0.6398115105312512,0.0,0.15538481858633285,True
2003-08-25,0.7973824790007599,0.1961011869010614,0.6410148284546002,0.0,0.15636765054615967,True
2003-08-26,0.7986662788915818,0.196299954633303,0.6418881245780154,0.0,0.15677815431356643,True
2003-08-27,0.8050612386260843,0.19937975902906388,0.6445483228651759,0.0,0.16051291576090837,True
2003-08-28,0.8141401686781613,0.20235688000150717,0.6493933042605479,0.0,0.1647468644176135,True
2003-08-29,0.823732022954246,0.20541133324622554,0.6545281298816038,0.0,0.16920389307264214,True
2003-09-02,0.8400971776298677,0.2100671854097256,0.6636203280545071,0.0,0.1764768495753606,True
2003-09-03,0.8413706093171984,0.2093471896667096,0.6652320367884759,0.0,0.17613857252872256,True
2003-09-04,0.8493913151311295,0.21303745429539503,0.668439151654976,0.0,0.18095216347615348,True
2003-09-05,0.8418418242087057,0.21076402111239478,0.6644118561978851,0.0,0.1774299680108206,True
2003-09-08,0.8588265932419921,0.21679257582792105,0.6726393639035424,0.0,0.18618722933844967,True
2003-09-09,0.845959275508858,0.21221200545445856,0.6664365611203223,0.0,0.1795227143885356,True
2003-09-10,0.8215989022884506,0.20270477231242146,0.6550568838679348,0.0,0.16654201842051577,True
2003-09-11,0.8317385665979022,0.20688608259758284,0.6596634328091335,0.0,0.17207513378876876,True
2003-09-12,0.8368526567685027,0.2088921825540507,0.6620406788199743,0.0,0.1748119779485284,True
2003-09-15,0.827317769673673,0.20508463985555925,0.6576476028340432,0.0,0.16967016683962974,True
2003-09-16,0.8548587495696084,0.21462832178698807,0.6713818507845603,0.0,0.18347689878504816,True
2003-09-17,0.8505779469282158,0.21304389941803448,0.6693675043556427,0.0,0.18121044257257307,True
2003-09-18,0.8678327085401228,0.21828585323447175,0.6783971052916595,0.0,0.18943560324846334,True
2003-09-19,0.8608617173789197,0.21622590272511638,0.6747211154171687,0.0,0.18614060196175092,True
2003-09-22,0.8400930998967957,0.20885258862497913,0.6646374812973668,0.0,0.17545561859942896,True
2003-09-23,0.8565208933435611,0.21568805263871355,0.6717795698139172,0.0,0.18474132352964395,True
2003-09-24,0.8170024781394717,0.20054232105877537,0.6531589048626106,0.0,0.16384357327686103,True
2003-09-25,0.8037089430655276,0.19591409263690812,0.6462510347406764,0.0,0.1574579083248513,True
2003-09-26,0.797528499930496,0.19361090544169474,0.6431182849433961,0.0,0.15441021498709992,True
2003-09-29,0.8141480835746125,0.19941105199959586,0.6517979577455442,0.0,0.16235012582906838,True
2003-09-30,0.7932988639135562,0.19128427437738563,0.6415532663654472,0.0,0.15174559754810898,True
2003-10-01,0.817587121310714,0.198113224802377,0.6556123001509562,0.0,0.16197482115975775,True
2003-10-02,0.8214521707090734,0.1991159947956857,0.6578879045612608,0.0,0.16356426614781258,True
2003-10-03,0.8473646968304824,0.2091907181766425,0.6701038673429809,0.0,0.17726082948750158,True
2003-10-06,0.8552013092741961,0.21179165648284665,0.6740768073567148,0.0,0.18112450191748125,True
2003-10-07,0.8618422716174551,0.213974407126485,0.6774300825115671,0.0,0.184412189105888,True
2003-10-08,0.8553093042596048,0.2114725635286159,0.6744348530779493,0.0,0.18087445118165554,True
2003-10-09,0.8628359254638512,0.21434732833350917,0.6778893500505039,0.0,0.18494657541334736,True
2003-10-10,0.8719974459734842,0.2179352901045783,0.6819584296148016,0.0,0.19003901635868262,True
2003-10-13,0.8790327844345472,0.22042156065955928,0.6852750062185664,0.0,0.19375777821598086,True
2003-10-14,0.8825739912052611,0.22118889903830377,0.6873584217707278,0.0,0.1952155694345333,True
2003-10-15,0.8776864006355924,0.2195560373299676,0.6849850524936394,0.0,0.19270134814195303,True
2003-10-16,0.886355955431597,0.22256853358949755,0.6890810101928684,0.0,0.19727494523872857,True
2003-10-17,0.860124224562073,0.2128307798063896,0.6770633151181609,0.0,0.18306090944391215,True
2003-10-20,0.8736597498659447,0.2173134248827977,0.6838017574403279,0.0,0.18985799242561682,True
2003-10-21,0.8785092975959209,0.21996855408357338,0.6852648776547705,0.0,0.19324441994115038,True
2003-10-22,0.8563756327070776,0.21256242200229356,0.6743423540751147,0.0,0.18203327863196297,True
2003-10-23,0.8455104585711308,0.20778962172588952,0.6698221602193521,0.0,0.17568829835177865,True
2003-10-24,0.8469874033513356,0.2079437925048214,0.670861630494648,0.0,0.1761257728566876,True
2003-10-27,0.847376174980248,0.20800051859309565,0.6711214911409227,0.0,0.17625468383932535,True
2003-10-28,0.8809721110880289,0.22021653874399708,0.6869674820542311,0.0,0.1940046290337978,True
2003-10-29,0.880354563558602,0.21959108983761502,0.6870365455032507,0.0,0.19331801805535134,True
2003-10-30,0.8828758914087518,0.22023459896807282,0.6884360735257655,0.0,0.19443981788298625,True
2003-10-31,0.8770176526399752,0.21772712930604618,0.6860671167799463,0.0,0.19095053586002897,True
2003-11-03,0.8943380482372625,0.22404044528203948,0.6939701536775161,0.0,0.20036789455974638,True
2003-11-04,0.8871928596488757,0.2212646931102263,0.6908884038290831,0.0,0.19630445581979258,True
2003-11-05,0.895843678011512,0.22501920795594446,0.6942616431330214,0.0,0.20158203487849058,True
2003-11-06,0.9003074945892168,0.2257456567792295,0.6970669879199114,0.0,0.20324050666930535,True
2003-11-07,0.889425413913853,0.22256212887286125,0.69147300031956,0.0,0.19795241359429291,True
2003-11-10,0.8763858963246758,0.21747305304405035,0.685795579806202,0.0,0.19059031651847383,True
2003-11-11,0.8728820355284141,0.21589508672838942,0.6844310927643541,0.0,0.18845094276406008,True
2003-11-12,0.8961105209722533,0.22376513389062846,0.6955922302660962,0.0,0.2005182907061571,True
2003-11-13,0.8951194510333592,0.223229992859128,0.6953019423711159,0.0,0.19981750866224335,True
2003-11-14,0.8728201657881897,0.21488385932541337,0.6852652000665763,0.0,0.18755496572161331,True
2003-11-17,0.8617707535095359,0.21090013896008358,0.6800231818426389,0.0,0.18174757166689706,True
2003-11-18,0.8377919564643928,0.20189261497159428,0.6686479475716284,0.0,0.16914400889276432,True
2003-11-19,0.848799230317298,0.20506831241586249,0.6747374045762468,0.0,0.17406182574105128,True
2003-11-20,0.8374552852276826,0.20180238001312306,0.6684548155141674,0.0,0.16900046971351518,True
2003-11-21,0.847506414202721,0.20556074560913817,0.6732923637906826,0.0,0.1742140504120384,True
2003-11-24,0.8757875676378287,0.21545651423400475,0.6870934311051045,0.0,0.18869413653272424,True
2003-11-25,0.8770619470296769,0.21511270262514093,0.6883947812344549,0.0,0.188667165795222,True
2003-11-26,0.8824091253807236,0.21669626045494553,0.6911943677194016,0.0,0.19121475766132195,True
2003-11-28,0.883681717741984,0.21708772758985326,0.6918452617246785,0.0,0.19183645601730542,True
2003-12-01,0.9009349438862185,0.22228934656088087,0.7006667039158871,0.0,0.20026823997033139,True
2003-12-02,0.8947284349560983,0.2200587082178933,0.697835651353842,0.0,0.19689278360225637,True
2003-12-03,0.8823041754147847,0.21468689801703217,0.6928850288875091,0.0,0.18941914652727554,True
2003-12-04,0.8935609339989906,0.21880841019768227,0.6980422866159154,0.0,0.19551864738307523,True
2003-12-05,0.8756080553147544,0.21217038358297613,0.6898299583502792,0.0,0.18577809696447523,True
2003-12-08,0.8830566243511281,0.21395419958608472,0.6941229510988925,0.0,0.1889336732522355,True
2003-12-09,0.859346663839011,0.20466585772632917,0.6834677418001404,0.0,0.17587892203887065,True
2003-12-10,0.8625725017569906,0.2061814098187015,0.68472608727389,0.0,0.1778464144831007,True
2003-12-11,0.8851517562998654,0.21380050649704435,0.6959058624762059,0.0,0.18924589382365958,True
2003-12-12,0.8842465981085532,0.21289856687707384,0.6959917646053144,0.0,0.18825483350323885,True
2003-12-15,0.8705675595484057,0.2077451243757668,0.6897113936125144,0.0,0.18085616593589132,True
2003-12-16,0.8741233166156834,0.20812064678766345,0.6922002065894499,0.0,0.18192311002623357,True
2003-12-17,0.87672132833385,0.2085467370366302,0.6938839560194054,0.0,0.18283737231444455,True
2003-12-18,0.8972702773146485,0.21512520697867163,0.7042448231915246,0.0,0.19302545412312386,True
2003-12-19,0.8936447189862897,0.21414570934565533,0.702274536735972,0.0,0.19137018225031782,True
2003-12-22,0.8989393228334966,0.21483664559672386,0.7058142141209578,0.0,0.19312510871253885,True
2003-12-23,0.9062139047056883,0.21793501352803932,0.7087181651243568,0.0,0.19749573958133151,True
2003-12-24,0.9077871271669005,0.2188751589874938,0.7090950753814449,0.0,0.1986920517854556,True
2003-12-26,0.906694353258692,0.21819312434018093,0.7088598794995783,0.0,0.1978344737591137,True
2003-12-29,0.9269857518441028,0.22392521233030463,0.719410270535245,0.0,0.2075754813088578,True
2003-12-30,0.9302557163323091,0.22531058333435222,0.7206592582353608,0.0,0.20959645809694824,True
2003-12-31,0.9278449219898589,0.2240105132684319,0.7199979047814025,0.0,0.20784701720845647,True
2004-01-02,0.9249565216557892,0.22282953671830572,0.7188488884506542,0.0,0.20610763320513503,True
2004-01-05,0.9484683062275263,0.23036420193371812,0.7299751618039969,0.0,0.21849314442352946,True
2004-01-06,0.9556719951126301,0.23321785719597077,0.7327922202302642,0.0,0.22287977488236585,True
2004-01-07,0.9663020162286852,0.23692050590483663,0.7373652536869214,0.0,0.22893676254176373,True
2004-01-08,0.9761437859392925,0.2401018003144165,0.741769905569538,0.0,0.23437388036975454,True
2004-01-09,0.965804145391121,0.23784727636856018,0.7360902599043779,0.0,0.22971388548674304,True
2004-01-12,0.9853020086260992,0.24423085130110503,0.7446608602706583,0.0,0.24064114835544093,True
2004-01-13,0.9722500174548523,0.24011409452162458,0.7387990848650468,0.0,0.23345093258980554,True
2004-01-14,0.9789680223764923,0.240884696328147,0.7431496075913643,0.0,0.23581841478512794,True
2004-01-15,0.9826859181345673,0.24183081802440018,0.7450421786910261,0.0,0.23764373944354117,True
2004-01-16,0.9952141001786302,0.24607105366971246,0.7503207179207199,0.0,0.24489338225791032,True
2004-01-20,0.9942186517507219,0.2457091277900393,0.7499300539964632,0.0,0.2442885977542587,True
2004-01-21,0.9925401695875422,0.2430245701023083,0.7513285215642576,0.0,0.24121164802328462,True
2004-01-22,0.9849401226657516,0.2404632789004115,0.7480981912489715,0.0,0.23684193141678014,True
2004-01-23,0.9797218926408104,0.23904946987382972,0.7455198935812396,0.0,0.23420199905957084,True
2004-01-26,1.0007894319402755,0.24469746747451673,0.7558987924692298,0.0,0.24489063947104564,True
2004-01-27,0.9723657963297686,0.23517225293803581,0.7436923413270097,0.0,0.22867345500275896,True
2004-01-28,0.9501468003549352,0.2283941021063962,0.7331388750186044,0.0,0.2170079253363307,True
2004-01-29,0.9543113867249191,0.22993905997498731,0.7348779235379647,0.0,0.21943346318695447,True
2004-01-30,0.9495982504567946,0.22788337610653134,0.7332005951978448,0.0,0.21639765525894986,True
2004-02-02,0.9484103802274272,0.22628997165526818,0.7337946221682006,0.0,0.2146157580592266,True
2004-02-03,0.9466748082554639,0.22593705639453343,0.732785888715365,0.0,0.21388891954009887,True
2004-02-04,0.927271853842686,0.21938918470249485,0.7238384378305681,0.0,0.20343341601211784,True
2004-02-05,0.9320482058334949,0.22075741919642647,0.7262916493470328,0.0,0.20575655648646202,True
2004-02-06,0.95383638359399,0.22739561794077068,0.7369381697322447,0.0,0.21689821386174535,True
2004-02-09,0.953628289606971,0.22722952664943036,0.736935784760073,0.0,0.2166925048468979,True
2004-02-10,0.9564337105336995,0.2276288517442236,0.7387218032354463,0.0,0.21771190729825315,True
2004-02-11,0.9713272426463032,0.2313410274743713,0.7466194003186595,0.0,0.22470784232764374,True
2004-02-12,0.9607466526793678,0.22769421194698697,0.7419902007168335,0.0,0.21875645196253424,True
2004-02-13,0.9504986487188544,0.22437067275535655,0.7372346274527477,0.0,0.21326402126610666,True
2004-02-17,0.9674481768433927,0.22936029592786536,0.7455539767077183,0.0,0.22189420013567437,True
2004-02-18,0.9688314811920418,0.231019250093911,0.7450127589396832,0.0,0.22381872225235852,True
2004-02-19,0.9515672774680408,0.22446554753384168,0.73797320751589,0.0,0.21359406995215083,True
2004-02-20,0.9471395215396414,0.22328749346064794,0.7356551118175375,0.0,0.21148440972210392,True
2004-02-23,0.935032258624458,0.2185989270194638,0.7306352101605658,0.0,0.20439704846389228,True
2004-02-24,0.9319492569483876,0.21766611455394544,0.7290954832269956,0.0,0.20285377372139207,True
2004-02-25,0.9393370263191568,0.21984255467071387,0.7328307747563618,0.0,0.20650625156279503,True
2004-02-26,0.9419567177170958,0.22081807634232553,0.7339556473130757,0.0,0.20800107040402002,True
2004-02-27,0.9394797014397456,0.219557120088962,0.7332102438095972,0.0,0.2062694576301484,True
2004-03-01,0.9560177671075036,0.22422391889516333,0.7416557168332556,0.0,0.21436205027424804,True
2004-03-02,0.9420490101475933,0.21959350317174256,0.7351811678498109,0.0,0.2068678422977825,True
2004-03-03,0.9372905478167965,0.2170602294173989,0.7338420464769232,0.0,0.20344850133987333,True
2004-03-04,0.9473357922224805,0.220742137311403,0.738218864695699,0.0,0.20911692752678154,True
2004-03-05,0.945022992015152,0.21890292741746306,0.7381546925862255,0.0,0.2068682994289266,True
2004-03-08,0.9172546114455156,0.20961294993708054,0.7249861664970304,0.0,0.19226844494848513,True
2004-03-09,0.9128877150084282,0.20864218893317768,0.7224208238988629,0.0,0.19046689110956536,True
2004-03-10,0.8945114763081129,0.20447834654586197,0.711603248666332,0.0,0.1829082276417809,True
2004-03-11,0.881645550618611,0.20177284110682844,0.7037534230210998,0.0,0.17789212759751127,True
2004-03-12,0.9024973105807668,0.20793628103841277,0.7148353761714328,0.0,0.187661934409334,True
2004-03-15,0.8820186797636291,0.20158901025518075,0.7042134070834979,0.0,0.17780527268013122,True
2004-03-16,0.8853843611972991,0.20183001120624058,0.7066872256550181,0.0,0.17869713554228103,True
2004-03-17,0.9033063697589975,0.2071366899721947,0.7161984782963193,0.0,0.18710789146267812,True
2004-03-18,0.8992312605778685,0.20523264948133885,0.7146796464730283,0.0,0.18455161410484017,True
2004-03-19,0.8788738203565332,0.19943921949292123,0.7035919115918643,0.0,0.17528190876466884,True
2004-03-22,0.8632699493503091,0.19530235190595086,0.6946712979124626,0.0,0.16859865143784644,True
2004-03-23,0.8556818483059774,0.1921823943240605,0.6912348619188972,0.0,0.16444698638708027,True
2004-03-24,0.8655573082459351,0.19649475438396133,0.6954798375569073,0.0,0.17007747068902773,True
2004-03-25,0.8930686443494373,0.20568552535560686,0.7093773510578038,0.0,0.18369129329163364,True
2004-03-26,0.8900619936051308,0.20424789069463267,0.7082687088238232,0.0,0.1817932847813076,True
2004-03-29,0.9095696628614955,0.20954301946265477,0.7189756892938688,0.0,0.1905939735676267,True
2004-03-30,0.9138780071275074,0.21062302869326283,0.7213942534101486,0.0,0.19248375371735885,True
2004-03-31,0.9124371962720208,0.20969209689571242,0.721106327300096,0.0,0.19133086897192475,True
2004-04-01,0.9229223467247458,0.2128335023938613,0.7264935512337565,0.0,0.1964287954909893,True
2004-04-02,0.9504012578331197,0.22276840795948297,0.7386818827029455,0.0,0.21171937513017416,True
2004-04-05,0.9618762739741143,0.22630854744038745,0.7441954515936604,0.0,0.21768082238045397,True
2004-04-06,0.9477864289896709,0.2209936131556049,0.7383316815473954,0.0,0.20945474744227552,True
2004-04-07,0.9458094718409612,0.22070494004376,0.7370646490654815,0.0,0.20874482277547968,True
2004-04-08,0.9449445161285672,0.22087600152161685,0.7362289497463103,0.0,0.2087155663822569,True
2004-04-12,0.9525535113422854,0.2231730445833535,0.7399692440874636,0.0,0.21258426725482177,True
2004-04-13,0.9326952636550213,0.21795860930389757,0.7294063010844408,0.0,0.20328896257058052,True
2004-04-14,0.9380350779127543,0.21988160444603028,0.7317784199546409,0.0,0.20625665795811343,True
2004-04-15,0.9189633539711083,0.21234016335278708,0.7238305252736581,0.0,0.19513282869745022,True
2004-04-16,0.9201502818805276,0.21097975701158098,0.7260171989952361,0.0,0.19413308288529146,True
2004-04-19,0.9316492617558214,0.21596783396665278,0.7304429886777856,0.0,0.20120627307803587,True
2004-04-20,0.9029482039432546,0.2072451791420052,0.715816541661083,0.0,0.18713166228217162,True
2004-04-21,0.9133062390150755,0.210205312873114,0.7213244152939444,0.0,0.19198182372113098,True
2004-04-22,0.9425384153058087,0.21944650108810115,0.7357016579258254,0.0,0.2068367573799833,True
2004-04-23,0.9506262563497296,0.22267528873744166,0.7389452802356603,0.0,0.21168097611406927,True
2004-04-26,0.9427897609805146,0.21960618895511097,0.7357472945856838,0.0,0.2070424663948308,True
2004-04-27,0.9412077908672536,0.21869260437547614,0.7353726078240055,0.0,0.20583518304324816,True
2004-04-28,0.9185143223412019,0.2118467470692755,0.7239300510166783,0.0,0.19458427132452358,True
2004-04-29,0.9006801900403659,0.20598405807572415,0.7151544294674369,0.0,0.185525760572929,True
2004-04-30,0.8755561413565196,0.19634651278342852,0.7036437462550523,0.0,0.17191239510146722,True
2004-05-03,0.8875377363392265,0.19918224184769887,0.7107559802907475,0.0,0.176781756048479,True
2004-05-04,0.8910124572983482,0.20092043770039,0.7119898443814641,0.0,0.17902261291688418,True
2004-05-05,0.9003665014563003,0.20354160983432953,0.7171044543089817,0.0,0.18326204714731856,True
2004-05-06,0.8903533267116417,0.2011081999829798,0.7112959718278055,0.0,0.17905735488383617,True
2004-05-07,0.8770985243672829,0.19907935857549777,0.7024863127287285,0.0,0.17461221163855428,True
2004-05-10,0.8659558619556251,0.1964212107780099,0.695863763069986,0.0,0.1700920988856391,True
2004-05-11,0.8817432237102671,0.20155503822117335,0.7040234345540837,0.0,0.1777197891561835,True
2004-05-12,0.8857227124148626,0.2018169087216811,0.7069688926107125,0.0,0.17875381980415012,True
2004-05-13,0.877915769976218,0.19925071681649498,0.7029904235039515,0.0,0.17492534647226657,True
2004-05-14,0.8715418746271244,0.19620657592237184,0.7005396276335712,0.0,0.17100224699355315,True
2004-05-17,0.8603267157516485,0.19307253295368418,0.6942212575737535,0.0,0.16610545817789504,True
2004-05-18,0.869665876065346,0.19613099034022657,0.6990974465275489,0.0,0.17056842953779705,True
2004-05-19,0.8674368184499568,0.19592618682323074,0.6974832303009817,0.0,0.16995358814897513,True
2004-05-20,0.8724889560375316,0.19745800488266252,0.7002090274962036,0.0,0.17227992854132804,True
2004-05-21,0.8772991581808298,0.19921985086525645,0.7025237507238299,0.0,0.17477540745699996,True
2004-05-24,0.8847447654769599,0.20157497250442843,0.7064023637025048,0.0,0.17834240177445518,True
2004-05-25,0.9074119454171583,0.2082151046439945,0.7184750722469141,0.0,0.18893687317024424,True
2004-05-26,0.9145587052171065,0.2105202463030702,0.7220255813361842,0.0,0.19253312388092222,True
2004-05-27,0.9225208430681647,0.21265062144549438,0.7263462124932981,0.0,0.19617463057486662,True
2004-05-28,0.9258558109858656,0.21412128357931862,0.727610376328201,0.0,0.19824543465766453,True
2004-06-01,0.9240296727486119,0.21363021353651018,0.7266290164452543,0.0,0.1974006563033576,True
2004-06-02,0.923257976464817,0.2123689412216744,0.7271866575285182,0.0,0.19607131893629878,True
2004-06-03,0.9083853181162218,0.20798847084411234,0.7194516448639863,0.0,0.1889336732522355,True
2004-06-04,0.9166182577125951,0.20969563371341376,0.7244074112882672,0.0,0.19221084642432784,True
2004-06-07,0.9444107338234315,0.21800077040376276,0.7385284662723406,0.0,0.205882267551091,True
2004-06-08,0.9462235411934417,0.21842759537593712,0.7395422084024542,0.0,0.20668133279098744,True
2004-06-09,0.9288707646133958,0.21311476061563506,0.73091469396995,0.0,0.19795607064344575,True
2004-06-10,0.937454163904741,0.21563016060590331,0.7353107719812889,0.0,0.20214339192345213,True
2004-06-14,0.9200368114925848,0.21037029142125852,0.7264883993406042,0.0,0.19354841215198054,True
2004-06-15,0.9347838115976443,0.21505341295908834,0.7337553625346656,0.0,0.20102844906297884,True
2004-06-16,0.9331029313437877,0.2143497906678047,0.7330925133387319,0.0,0.20001041800505587,True
2004-06-17,0.9235755052346796,0.21051061423517042,0.7291530583351693,0.0,0.19442244689951024,True
2004-06-18,0.9255333098389602,0.21089607408928193,0.7303419683550645,0.0,0.1951913414838957,True
2004-06-21,0.9165522554371293,0.20784241381595273,0.7260538222786206,0.0,0.19049843315850862,True
2004-06-22,0.9320484221726361,0.2133411437926477,0.7332041457161933,0.0,0.19884427645644276,True
2004-06-23,0.9467268584483491,0.21755676938364535,0.7407600216355986,0.0,0.20596683681275055,True
2004-06-24,0.9436651633031689,0.21699005246779546,0.7388992100059835,0.0,0.2047659532971854,True
2004-06-25,0.9492887639523276,0.22055863629739897,0.7399149287225588,0.0,0.20937383522976885,True
2004-06-28,0.9396970041960714,0.21722092823927946,0.7355751486809307,0.0,0.20412185551514073,True
2004-06-29,0.9504514142872612,0.22081645094108995,0.7405761061924087,0.0,0.20987530809485258,True
2004-06-30,0.9622976279920901,0.22453826002496072,0.7462249929765992,0.0,0.21607263501549084,True
2004-07-01,0.9381392769317475,0.21746710186095175,0.7341248472354716,0.0,0.20401442969627595,True
2004-07-02,0.9320942078300039,0.21494027018772766,0.7317496269586069,0.0,0.200344580871397,True
2004-07-06,0.9081057115994601,0.20638024978547934,0.720690628007943,0.0,0.18741508359151704,True
2004-07-07,0.9109290624400588,0.2069048355323979,0.722453434594217,0.0,0.1884756278458418,True
2004-07-08,0.8981189094296684,0.20284468395335006,0.7159402630938799,0.0,0.18217864633578854,True
2004-07-09,0.9002863947522064,0.20317229844921833,0.7173731386678404,0.0,0.18291325608436607,True
2004-07-12,0.8966080696387209,0.20140305191148927,0.7160284680450134,0.0,0.18057960159370748,True
2004-07-13,0.895570065389823,0.20075241167630906,0.7157822149377062,0.0,0.17978785045211676,True
2004-07-14,0.885364321088837,0.19686190344676466,0.711069815595436,0.0,0.17429450549340098,True
2004-07-15,0.8800432671982489,0.1959915752709001,0.7075622009535144,0.0,0.17248106624473444,True
2004-07-16,0.8697890751522155,0.1914824378423871,0.7032397426333941,0.0,0.16654933251882148,True
2004-07-19,0.8665485774631448,0.19100099997422404,0.7010369326414428,0.0,0.165511644821702,True
2004-07-20,0.8912908091052761,0.19903027478597404,0.7138969544548399,0.0,0.17739385465043625,True
2004-07-21,0.858825117342952,0.18850359639270176,0.6969334940514215,0.0,0.16189162329153053,True
2004-07-22,0.8711473077022933,0.19342193376325562,0.7026483108538618,0.0,0.16849899684843145,True
2004-07-23,0.8519586376106638,0.18651319613775993,0.6930571091327273,0.0,0.15890152847793648,True
2004-07-26,0.8476523982570408,0.18496110663685628,0.6908696726320332,0.0,0.15678272562500747,True
2004-07-27,0.8621207107460558,0.18935199249032256,0.6988764363991171,0.0,0.1632442743469387,True
2004-07-28,0.8594960723415933,0.18742037068190734,0.6984089998636884,0.0,0.16108707247790485,True
2004-07-29,0.8706438104169564,0.19144566847434358,0.7039628241286325,0.0,0.16668098628832387,True
2004-07-30,0.8741673600050464,0.19244831133857784,0.7059353277447725,0.0,0.16823203226027383,True
2004-08-02,0.8765901611878364,0.19303656081254275,0.7073762112300239,0.0,0.16921394995781244,True
2004-08-03,0.8558345113133387,0.18529569542129684,0.6972520603739878,0.0,0.15858245093935083,True
2004-08-04,0.8560145414859704,0.18538489093708582,0.6973223790720343,0.0,0.15869216241393616,True
2004-08-05,0.8348742514543513,0.1793850196931128,0.6851103174159398,0.0,0.14976393403841162,True
2004-08-06,0.8092104669655815,0.1704994635547121,0.6712405164450918,0.0,0.13796995052048971,True
2004-08-09,0.81148876555309,0.17123643040795547,0.6725323260236206,0.0,0.1389564395294694,True
2004-08-10,0.8252134619792065,0.17467143667312834,0.6810722410132926,0.0,0.14414122096591397,True
2004-08-11,0.8177467644235551,0.17161701806220694,0.6774075031831666,0.0,0.14033926124038854,True
2004-08-12,0.8036406433845955,0.1674360074987338,0.6690822625925651,0.0,0.1345583807920304,True
2004-08-13,0.8054101377070783,0.16780997018755117,0.670254286509702,0.0,0.13515585119737628,True
2004-08-16,0.8172820463867742,0.17098691233916322,0.6775375127648668,0.0,0.13974453362190728,True
2004-08-17,0.8276919658358974,0.1745035136902734,0.6832568095443237,0.0,0.14443515629157383,True
2004-08-18,0.8449248758775402,0.1800099039387847,0.6928300301353346,0.0,0.15209484574220558,True
2004-08-19,0.8396208289238675,0.17822391188329106,0.6899803202943643,0.0,0.14964050862950315,True
2004-08-20,0.8500316314444812,0.1813414789328046,0.6958856382586743,0.0,0.15414599318580693,True
2004-08-23,0.8510273979897915,0.18237387704944508,0.6958222319430921,0.0,0.1552051660466994,True
2004-08-24,0.8512329307196354,0.18213490320483533,0.6961937032782463,0.0,0.1550392274413891,True
2004-08-25,0.8647842179803981,0.18666388074021212,0.7033602398492874,0.0,0.16142397813111062,True
2004-08-26,0.8611243735410062,0.18498025268719098,0.7018333693282919,0.0,0.15929100421271436,True
2004-08-27,0.8660543803384955,0.18645873613239955,0.7045709751586511,0.0,0.16148340517984433,True
2004-08-30,0.8490724221400753,0.18057562786757256,0.6957506364070906,0.0,0.15332178573298472,True
2004-08-31,0.8518193687236709,0.18059435869001278,0.697985596109288,0.0,0.15383377261438289,True
2004-09-01,0.8584054812056631,0.183125013166677,0.7012099661575283,0.0,0.15719551504813475,True
2004-09-02,0.8745794186568594,0.18772820193856923,0.710396196939928,0.0,0.1641832217169314,True
2004-09-03,0.8574957459792418,0.18086063626404802,0.7024085197677217,0.0,0.15508722621152018,True
2004-09-07,0.8667190497113622,0.18346078161055188,0.7077100954145609,0.0,0.15900895429680126,True
2004-09-08,0.8626722122126156,0.18219703070874432,0.7054958966725332,0.0,0.15717631554008232,True
2004-09-09,0.8692972007154155,0.18535930902407416,0.7081648722542442,0.0,0.16113232846117131,True
2004-09-10,0.8839232349648578,0.19063558750746573,0.7154160097558325,0.0,0.16850722520902534,True
2004-09-13,0.8963668158504496,0.19533849204424658,0.7212718737237199,0.0,0.17509494212672969,True
2004-09-14,0.8983086113854939,0.19569941190518894,0.7225101444279858,0.0,0.17579846695750806,True
2004-09-15,0.8860626670812093,0.19201658368340258,0.7159239408188713,0.0,0.1701387262623379,True
2004-09-16,0.8888317845775824,0.1925205210629141,0.7177134262734264,0.0,0.17111835830415598,True
2004-09-17,0.8930394498230365,0.19336509838787475,0.7203567887437515,0.0,0.17268266107928498,True
2004-09-20,0.8908401628149463,0.19380347487565736,0.7181922437026134,0.0,0.17264791911233296,True
2004-09-21,0.8958355385030554,0.19496854698285174,0.7211757852255142,0.0,0.17465975327754124,True
2004-09-22,0.8758807786660809,0.18894246563128284,0.7103897047458637,0.0,0.16549107392021725,True
2004-09-23,0.8732053758197884,0.18899471368269055,0.7081741758305413,0.0,0.16503119998924712,True
2004-09-24,0.8718813780020636,0.1872919773462351,0.7085849907046968,0.0,0.16329638729736673,True
2004-09-27,0.8623138509781098,0.18443405383573938,0.7032738117635093,0.0,0.15904003921460044,True
2004-09-28,0.8656453560377984,0.1848046990833218,0.7056700265023581,0.0,0.1599753295354403,True
2004-09-29,0.8796742491294879,0.18986957692639367,0.712650871614229,0.0,0.1670233775152589,True
2004-09-30,0.8808515736865995,0.1905499389325803,0.7130053601119507,0.0,0.1678462135746488,True
2004-10-01,0.9103430637893889,0.19945150102522513,0.728773773268693,0.0,0.1815692905206959,True
2004-10-04,0.9162042600119826,0.20159429636104415,0.7315027068918759,0.0,0.18470155312010678,True
2004-10-05,0.9176259946873611,0.20207254515384337,0.7321989744415588,0.0,0.1854270202458022,True
2004-10-06,0.927453340606913,0.20467542591802781,0.7376264330990954,0.0,0.18982690750781764,True
2004-10-07,0.9129619682656379,0.20090373762748764,0.7295444965293235,0.0,0.18341747173631442,True
2004-10-08,0.8932386851218788,0.19407989733455286,0.7198790128181736,0.0,0.17335967230370522,True
2004-10-11,0.8988797319278371,0.19558727587272015,0.7230702938228705,0.0,0.1758094381049666,True
2004-10-12,0.8959447766664067,0.19520090709452276,0.7210555435545245,0.0,0.1748892331118822,True
2004-10-13,0.8907527930055053,0.19497820249639694,0.7170754145566467,0.0,0.17367737844885855,True
2004-10-14,0.8838722795564198,0.19380713434821495,0.7125715259257658,0.0,0.17130075363065406,True
2004-10-15,0.8902525673736594,0.19531009806262853,0.7163772511394032,0.0,0.17387531623425623,True
2004-10-18,0.9041624999028477,0.20052367024862505,0.7228565169211566,0.0,0.18130598298169112,True
2004-10-19,0.8945682268048052,0.1982566325593383,0.7172141425639061,0.0,0.17735408424089907,True
2004-10-20,0.8980383559361563,0.2002561210866692,0.7182006781893321,0.0,0.17983767774682427,True
2004-10-21,0.9140498985786925,0.20571178831156467,0.7260190593360654,0.0,0.18803083924262715,True
2004-10-22,0.8896660235552096,0.19744585702078504,0.7140051530720773,0.0,0.1756608704831323,True
2004-10-25,0.8850084350617179,0.1956146245128897,0.7118878423463798,0.0,0.17312059271533806,True
2004-10-26,0.8950816277141459,0.19646521947009832,0.7192292192816334,0.0,0.1758524084325125,True
2004-10-27,0.9219014133924086,0.2052455691580034,0.732685233093116,0.0,0.18921618029929269,True
2004-10-28,0.9288122710644849,0.20750123170961732,0.7360825807915974,0.0,0.19272969027288758,True
2004-10-29,0.9271693410927795,0.2068113509262311,0.7354201971239982,0.0,0.1917491439687813,True
2004-11-01,0.9317122198016226,0.20810061840544475,0.7378223306849953,0.0,0.19388988911662733,True
2004-11-02,0.934878761855874,0.20936534377626528,0.7391475484907898,0.0,0.1957312133650843,True
2004-11-03,0.9459259941252407,0.2110501850699515,0.7462881380026308,0.0,0.1996378561226099,True
2004-11-04,0.9564330718781514,0.21220016622474114,0.7534778150427679,0.0,0.2029552568353835,True
2004-11-05,0.9676550809577977,0.2153789015683414,0.7592425925240828,0.0,0.20841248843371496,True
2004-11-08,0.9681160785537802,0.21590765550101593,0.7590924057803962,0.0,0.20902367277338404,True
2004-11-09,0.9652025932193846,0.21514138439610828,0.7575475710914524,0.0,0.20765502212793216,True
2004-11-10,0.9620125640648581,0.21358532254037332,0.7565408002811739,0.0,0.20547176378368429,True
2004-11-11,0.9780045862190386,0.21838379801829802,0.764424230201211,0.0,0.21358035601782766,True
2004-11-12,0.9908557711980475,0.22175010375562731,0.7711334011280183,0.0,0.21972237007002915,True
2004-11-15,0.9963452469587293,0.22338580277759634,0.7737758641232111,0.0,0.22256938283551822,True
2004-11-16,0.9870052201503516,0.2212655875141553,0.7686149302342459,0.0,0.21839028991610573,True
2004-11-17,1.003242818463958,0.22643292700638698,0.7760756105810266,0.0,0.22716720788293132,True
2004-11-18,1.0086354570445784,0.2282792616914186,0.7783848995946554,0.0,0.2302505574499229,True
2004-11-19,0.9874873717667143,0.22225236630546352,0.7680159666947991,0.0,0.21947140507191523,True
2004-11-22,0.9992389622873337,0.2258900129749055,0.7735208601312168,0.0,0.2257181021561169,True
2004-11-23,0.99813974295043,0.22504190886339603,0.7735164698844458,0.0,0.2246232730659842,True
2004-11-24,1.0082520416712755,0.22856012192904973,0.7778058320916755,0.0,0.23044620957960005,True
2004-11-26,1.0046053138329645,0.2272352041830996,0.7763236202207039,0.0,0.22828169361226053,True
2004-11-29,1.0025059822283366,0.22748214755887317,0.7744537684504171,0.0,0.22805221377791957,True
2004-11-30,1.000526735930505,0.22648106954733074,0.7739263706662645,0.0,0.22660036526424052,True
2004-12-01,1.0266855098618706,0.23419764128422327,0.7862381851115304,0.0,0.24044732475034022,True
2004-12-02,1.0311445044675722,0.2357570627542295,0.7880449048191319,0.0,0.2430995996484403,True
2004-12-03,1.0325039560638825,0.2364476879061546,0.7883707828986195,0.0,0.24413317316526284,True
2004-12-06,1.0362423111927128,0.23800287772178083,0.7896136591117779,0.0,0.2466286520809348,True
2004-12-07,1.0130632621612978,0.2308747158113759,0.7791725694108628,0.0,0.23389069275043503,True
2004-12-08,1.0216246332835266,0.2328757652694153,0.7837130149895395,0.0,0.23791161829398702,True
2004-12-09,1.0296173609570916,0.23519080707132942,0.7874608228589409,0.0,0.24215653809815066,True
2004-12-10,1.0265979967939671,0.23370463455178694,0.7866772871216364,0.0,0.23992070967233065,True
2004-12-13,1.039724679862798,0.23676606480988227,0.7935531589259686,0.0,0.2461715209368293,True
2004-12-14,1.0466865357806114,0.23863758083854836,0.7969077929856457,0.0,0.24977874279496579,True
2004-12-15,1.042669768805302,0.23683604752211682,0.7957279818906549,0.0,0.24694178691464705,True
2004-12-16,1.0316507648696365,0.23254184018924012,0.7917487975742141,0.0,0.23990196729542235,True
2004-12-17,1.0261050120213306,0.23195204770928196,0.7880978533182257,0.0,0.23800715870310502,True
2004-12-20,1.0185676504839583,0.22881742617265588,0.7855016223174897,0.0,0.23306602816646868,True
2004-12-21,1.0349065302132598,0.23342340895647434,0.7933351199795643,0.0,0.24157141023369563,True
2004-12-22,1.0372166724064082,0.23372767901110644,0.7947904269332353,0.0,0.24242624547317293,True
2004-12-23,1.0383040803293668,0.2339557446840476,0.7953868760074247,0.0,0.2429172043219422,True
2004-12-27,1.0326063890350743,0.23217257631080795,0.7928635033778008,0.0,0.23974288565727364,True
2004-12-28,1.0454268427094326,0.23587256439569168,0.7988393324314674,0.0,0.2465875102779653,True
2004-12-29,1.0473851009203228,0.23625776165454673,0.7999322413865658,0.0,0.247452859533757,True
2004-12-30,1.0457113047421862,0.23604664655734872,0.7988746579906835,0.0,0.2468366467515028,True
2004-12-31,1.0427980591053587,0.23540544260079,0.7973177204584171,0.0,0.24548033864694174,True
2005-01-03,1.0289163035314512,0.23099307289609375,0.7912437648258315,0.0,0.23767253870561983,True
2005-01-04,1.0038140126680624,0.2237625258594131,0.7791980537003838,0.0,0.22461595896767853,True
2005-01-05,0.9944882639500251,0.221611244224294,0.7740984824096019,0.0,0.22038978154042319,True
2005-01-06,0.9912334876251746,0.2189949455143903,0.7741583640106604,0.0,0.2170751236145142,True
2005-01-07,0.9960387785085361,0.22129334422900326,0.7756220262306107,0.0,0.2204167522779254,True
2005-01-10,0.9972724077766948,0.22061989503025636,0.7772542738564294,0.0,0.22001813392026542,True
2005-01-11,0.9871907751799217,0.2181316656818664,0.7718532070441525,0.0,0.2153375681357692,True
2005-01-12,0.9970415796466119,0.22134173868888327,0.7763546628625201,0.0,0.22068691678409175,True
2005-01-13,0.9799922584325476,0.21620514775239388,0.7681128874019365,0.0,0.2118793710306111,True
2005-01-14,0.9916055950013397,0.2196803326519709,0.7737693480318899,0.0,0.21783624696944984,True
2005-01-18,1.0034263316389285,0.22195243934948683,0.7807134096241612,0.0,0.22271292201476733,True
2005-01-19,0.9817892701337032,0.21553750166126323,0.7701768636912497,0.0,0.21161240644245347,True
2005-01-20,0.9598384913218236,0.20773200760643745,0.7604493145416071,0.0,0.1993891767802165,True
2005-01-21,0.9495991722479822,0.20485905272869234,0.7550651853493102,0.0,0.194533986898672,True
2005-01-24,0.9353172910144211,0.19917754094348072,0.7490230929882508,0.0,0.18629419802617034,True
2005-01-25,0.9409285510037101,0.20086536545896094,0.7519285937355793,0.0,0.1889999572681308,True
2005-01-26,0.9533086557455335,0.2053350390836302,0.7575609856592613,0.0,0.19574767008627209,True
2005-01-27,0.9526038699764574,0.20460398590017786,0.7576973211953394,0.0,0.19490654878111796,True
2005-01-28,0.9478778708781181,0.20257762866213602,0.7558590195343147,0.0,0.19201885134380353,True
2005-01-31,0.9625799240170213,0.20721162105631588,0.763122177565189,0.0,0.19945774645183234,True
2005-02-01,0.9680934716790585,0.20796042227856942,0.7667683445035551,0.0,0.2013251271755033,True
2005-02-02,0.9707803319060851,0.20832521160909429,0.7685423138358032,0.0,0.20223801807028197,True
2005-02-03,0.9583890622315703,0.20371949959176405,0.7631465220595348,0.0,0.19524254017203552,True
2005-02-04,0.9780346124405956,0.20924788132034464,0.7733829419294367,0.0,0.204651670511159,True
2005-02-07,0.975344787088197,0.20843529320109325,0.7720485104193108,0.0,0.20329627666888622,True
2005-02-08,0.9775920379632295,0.209060643391769,0.773216017531966,0.0,0.2043760204312634,True
2005-02-09,0.957954893781696,0.2026054816355126,0.7638679811419591,0.0,0.19408691263973682,True
2005-02-10,0.9603191782674615,0.20270645665174208,0.7656562803861517,0.0,0.19466289788130975,True
2005-02-11,0.9778727589767608,0.20785531375359162,0.7746167098485559,0.0,0.2032560491282049,True
2005-02-14,0.9820269124875667,0.20972155243122903,0.7760747038714275,0.0,0.20595220861613917,True
2005-02-15,0.990058847688158,0.21208377694489158,0.7800834278727463,0.0,0.20997541981541168,True
2005-02-16,0.9865136065262612,0.21044331619940831,0.7789084116930365,0.0,0.20760519483322465,True
2005-02-17,0.9697159726930291,0.20540628290150204,0.7705302192719395,0.0,0.19918575342108957,True
2005-02-18,0.9670265649744523,0.2039424882303266,0.7698087611287369,0.0,0.19721780384571538,True
2005-02-22,0.9492226393046855,0.20003441139241693,0.7593454473710163,0.0,0.18987719193366925,True
2005-02-23,0.9531774036366377,0.19995885183195625,0.7625811444132905,0.0,0.1905962592233472,True
2005-02-24,0.9677727833003658,0.2044059076495784,0.7699543091312957,0.0,0.19781847416907,True
2005-02-25,0.9770197875534817,0.20582415884460498,0.7759255116057517,0.0,0.20109427594773002,True
2005-02-28,0.9638669811688851,0.20191859887617358,0.7692443108282567,0.0,0.19462267034062847,True
2005-03-01,0.9763933496457021,0.20585883009413308,0.775394156975946,0.0,0.20099919266975608,True
2005-03-02,0.9756183813915478,0.20563579295186812,0.7749963219156787,0.0,0.20062205947586903,True
2005-03-03,0.967566189791182,0.20216098182310174,0.771962058884159,0.0,0.19560413090702297,True
2005-03-04,0.9780570508561537,0.20347505790950243,0.7790468357944006,0.0,0.19901021506175304,True
2005-03-07,0.9923902662449776,0.20913816782191713,0.7848435841981984,0.0,0.20754668204677915,True
2005-03-08,0.980726460368936,0.20522662927314447,0.7794552746684371,0.0,0.20127118570049884,True
2005-03-09,0.9734367835270297,0.2048944596322836,0.7739849797800707,0.0,0.19945180374695895,True
2005-03-10,0.9729322145332786,0.20412398116278546,0.7743334175012205,0.0,0.1985987970320581,True
2005-03-11,0.9609921725976869,0.2008182532118191,0.7680074031463885,0.0,0.19298476945129844,True
2005-03-14,0.9677337287763199,0.20209858506013723,0.772156111475655,0.0,0.19557761730066486,True
2005-03-15,0.9566751503559382,0.19944900928186182,0.7658672394128702,0.0,0.19080791094306807,True
2005-03-16,0.9425361794695095,0.19549620916868174,0.7582739293788882,0.0,0.1842622500906214,True
2005-03-17,0.9455369775957032,0.19625654102925272,0.7599691609575164,0.0,0.18556781663818672,True
2005-03-18,0.9392526538090048,0.19428395921406444,0.7567709295246743,0.0,0.1824817242843305,True
2005-03-21,0.93957064528119,0.1952793312893614,0.7560919179715655,0.0,0.18347872730962458,True
2005-03-22,0.9242544256512172,0.19113158839873057,0.7476002091919436,0.0,0.17665421645927357,True
2005-03-23,0.9277744969450499,0.1924063577528695,0.7492647851718521,0.0,0.1785097117731978,True
2005-03-24,0.9284227159367504,0.19237591172507645,0.7498165494921464,0.0,0.17860616644460403,True
2005-03-28,0.9306727430720938,0.19296637041338074,0.751084201798807,0.0,0.17958854127328677,True
2005-03-29,0.9208271467248057,0.19030402235189217,0.7455900368122592,0.0,0.1752371099125465,True
2005-03-30,0.9430030311858879,0.1962904158438482,0.7579005740524006,0.0,0.1851024571334873,True
2005-03-31,0.9381752012127756,0.1946659310555457,0.7555444521754667,0.0,0.1826307490373089,True
2005-04-01,0.9270603260113868,0.19096434057871986,0.7500248621779293,0.0,0.17703546383345753,True
2005-04-04,0.9341564526930629,0.19354304212404533,0.7533569710190406,0.0,0.18079948167402224,True
2005-04-05,0.938419918890279,0.19419477484604958,0.7561836740303332,0.0,0.18223624485994583,True
2005-04-06,0.9381612989068593,0.1932362629804418,0.7568745154332206,0.0,0.18128678347363872,True
2005-04-07,0.9512704657266194,0.1974115316518493,0.7634787060723595,0.0,0.18779175965425995,True
2005-04-08,0.9395722090738402,0.19494329978186606,0.7564089022536484,0.0,0.18316330682019177,True
2005-04-11,0.9357570189300607,0.1931177129398763,0.7550457635668508,0.0,0.18071125536320987,True
2005-04-12,0.9421932279847891,0.19458294281243882,0.7588584969855577,0.0,0.18333473099923134,True
2005-04-13,0.922454777844434,0.18893202450257493,0.7481735291542121,0.0,0.1742812486902219,True
2005-04-14,0.9048402961068631,0.18438266810871576,0.7380034280983993,0.0,0.16683686800846384,True
2005-04-15,0.8798175424624068,0.17661079510029923,0.7244322667449299,0.0,0.15538527571747696,True
2005-04-18,0.8811210306999827,0.1764501739743079,0.7256470715405493,0.0,0.15547395915943343,True
2005-04-19,0.8896857595044909,0.1783204804522775,0.7310365674181006,0.0,0.15864919208639022,True
2005-04-20,0.8775665137356767,0.17623557277725888,0.7229080765373276,0.0,0.1546584371983492,True
2005-04-21,0.9064246224460463,0.1841456189940968,0.7395104992742286,0.0,0.16691412317181767,True
2005-04-22,0.8920204246323515,0.17871112374605277,0.7326064521418728,0.0,0.15941397249047873,True
2005-04-25,0.9013624930451162,0.1811920312259337,0.7380427920594,0.0,0.16331970098571613,True
2005-04-26,0.8897174203992025,0.1783727073317407,0.7310161153623843,0.0,0.15870130503681826,True
2005-04-27,0.8922988307979608,0.17856519801401974,0.7329653133888446,0.0,0.15933351740911617,True
2005-04-28,0.8792368667069863,0.17574426934882945,0.7247160259830129,0.0,0.15452084072397346,True
2005-04-29,0.8895757630033283,0.1770994651618106,0.7320323711545292,0.0,0.15754339184879904,True
2005-05-02,0.8949416648607552,0.17809968686881103,0.7355528345832023,0.0,0.15938883027755293,True
2005-05-03,0.899862078610041,0.17979691519301494,0.7380696527767813,0.0,0.16179242583325967,True
2005-05-04,0.9130714882066444,0.18361965925863338,0.7454136126633671,0.0,0.16765787554327732,True
2005-05-05,0.9136318199209041,0.18391682763943884,0.7455995539706044,0.0,0.16803226595029974,True
2005-05-06,0.9148603129289001,0.18515688771420377,0.7454676246937424,0.0,0.16939268823515768,True
2005-05-09,0.9213109715864397,0.18642174520648921,0.7495585723854095,0.0,0.17175239920103028,True
2005-05-10,0.9109569973413352,0.18440366618763793,0.7429731872923107,0.0,0.16798381004902455,True
2005-05-11,0.9173528895284794,0.18582931666757482,0.7468818289243768,0.0,0.17047106060410258,True
2005-05-12,0.910731951554367,0.18556303396335397,0.7417337674965724,0.0,0.16899818405779465,True
2005-05-13,0.9194977843682235,0.18973946253717758,0.7450327689580711,0.0,0.17446501541015233,True
2005-05-16,0.9288575244444497,0.19150531892008257,0.7509763679943969,0.0,0.17788115645005273,True
2005-05-17,0.9367957168887457,0.19326224863134026,0.7557484701346183,0.0,0.18104724675412742,True
2005-05-18,0.9531795562549089,0.19764823664745987,0.7647852977527179,0.0,0.18839425850219102,True
2005-05-19,0.9626305594830392,0.20054342036086037,0.7695813345404219,0.0,0.19304922494261734,True
2005-05-20,0.9658807436528296,0.20220801115601433,0.7705719194648988,0.0,0.1953088241879308,True
2005-05-23,0.9728576497638173,0.2037369348842339,0.7746506141222577,0.0,0.19820703564155967,True
2005-05-24,0.9750063838354781,0.20516098958795598,0.7749731092732169,0.0,0.20003327456226114,True
2005-05-25,0.9704927743509528,0.20344771863473057,0.7730482334577611,0.0,0.19744454089319172,True
2005-05-26,0.982343862456686,0.20699396083965238,0.7790046154602539,0.0,0.20333924699643213,True
2005-05-27,0.9834554119473475,0.2070230950489661,0.7798574287233517,0.0,0.20359798322399583,True
2005-05-31,0.977493090884142,0.20609768854581528,0.7760340242834158,0.0,0.2014590666007262,True
2005-06-01,0.9888239911332621,0.20865070997848248,0.7825051633395503,0.0,0.2063188277937118,True
2005-06-02,0.9967116216959245,0.21130522649692446,0.7861012467213503,0.0,0.21061037497457422,True
2005-06-03,0.9798164962426645,0.20554272636820894,0.7784223422644013,0.0,0.2013941539782632,True
2005-06-06,0.9796606844880681,0.2056757409628395,0.7781682473138222,0.0,0.20149243717424592,True
2005-06-07,0.9715480926773883,0.20210548387334426,0.7751928953006,0.0,0.19635519737678828,True
2005-06-08,0.9687111380203276,0.2013486878715354,0.7736624214533928,0.0,0.1950487165669348,True
2005-06-09,0.9766770192530392,0.20345927073450418,0.7779630251726665,0.0,0.19871399408037266,True
2005-06-10,0.9653297659169773,0.19927945038645517,0.7729593807233566,0.0,0.19237038519362065,True
2005-06-13,0.9711126373854053,0.2008818335921056,0.7760337501629595,0.0,0.19507888722244576,True
2005-06-14,0.9680848914660564,0.19904521220076427,0.7753922288158414,0.0,0.19269266265021504,True
2005-06-15,0.9718471648289847,0.20011334634777256,0.7773675765364613,0.0,0.19447958829252343,True
2005-06-16,0.9779416766877174,0.20197192974017478,0.7804249090737571,0.0,0.19751676761396036,True
2005-06-17,0.9794577170908646,0.2016784456786747,0.7819222070999959,0.0,0.1975355099908687,True
2005-06-20,0.9795271876340015,0.20160347301755707,0.7820511046918666,0.0,0.19747608294213498,True
2005-06-21,0.9791730457398673,0.2012954347406622,0.7820699818113224,0.0,0.1971030639285449,True
2005-06-22,0.9783970763586237,0.20075518030542364,0.7819787948839488,0.0,0.19641828147467486,True
2005-06-23,0.9619479431072856,0.1973207393095248,0.7721356637960793,0.0,0.18981227931120628,True
2005-06-24,0.9483223745179895,0.19334942682295464,0.7649647869615529,0.0,0.1833575875564366,True
2005-06-27,0.9445242572451346,0.19138904616540275,0.7637526605709027,0.0,0.18077159667423182,True
2005-06-28,0.9564618075173736,0.19433318143943215,0.7705895415372127,0.0,0.185872265980161,True
2005-06-29,0.9533473745036121,0.19364797017096003,0.7687335905631736,0.0,0.18461378394043854,True
2005-06-30,0.9438647385201482,0.19094159570350142,0.763641699218843,0.0,0.1802230393013052,True
2005-07-01,0.943675054865277,0.19014096773526648,0.7642437667055626,0.0,0.17943128815971446,True
2005-07-05,0.9562096319227951,0.19341300204584327,0.7712662564274565,0.0,0.1849433754953386,True
2005-07-06,0.9483570068757468,0.19211513211017478,0.7661632752122027,0.0,0.18219373166354402,True
2005-07-07,0.9530793979385498,0.19312205851283995,0.7690187426824789,0.0,0.18406065525607088,True
2005-07-08,0.9753579108382087,0.19949709664967466,0.7807768394316938,0.0,0.19458107140651487,True
2005-07-11,0.9863186165421823,0.20270229650770732,0.7863895678807772,0.0,0.19992904866140512,True
2005-07-12,0.9919758880734922,0.20433751912550005,0.7892779960722401,0.0,0.20269789200125213,True
2005-07-13,0.9948159538747704,0.20512535061430134,0.7907539825395075,0.0,0.2040619713352629,True
2005-07-14,1.0062741232168821,0.2087466299505,0.7962177911889637,0.0,0.21005633202791835,True
2005-07-15,1.0091631273788986,0.2100153152564189,0.7972234150372656,0.0,0.211939712341633,True
2005-07-18,1.0032493578475632,0.2085781503449361,0.7939934624529736,0.0,0.20925589539458964,True
2005-07-19,1.0172613341512733,0.2128079609345783,0.8007800238929521,0.0,0.21648131025832115,True
2005-07-20,1.0260605408541685,0.21543774052962986,0.8050083762859365,0.0,0.22105216456823204,True
2005-07-21,1.023909819215838,0.21598313024829838,0.802762571369632,0.0,0.22114724784620599,True
2005-07-22,1.0251691735627977,0.21482643876596091,0.8049357308736586,0.0,0.2202334426891391,True
2005-07-25,1.0199108723316594,0.2133976050741331,0.8022643347870134,0.0,0.21764653754464605,True
2005-07-26,1.0243517566494686,0.21483542691672394,0.804284709696784,0.0,0.2200670469526847,True
2005-07-27,1.03383139719387,0.21765511486341393,0.8088127056882346,0.0,0.22501869150563547,True
2005-07-28,1.0414676818910442,0.21908739295156557,0.813295242622225,0.0,0.2281724392688193,True
2005-07-29,1.0296596365688713,0.21602901558208776,0.8072232788962878,0.0,0.22243635767258352,True
2005-08-01,1.0311858342652072,0.2167816415646015,0.8076436763550324,0.0,0.2235421579101747,True
2005-08-02,1.0451792375318762,0.22076522605620028,0.8144400068889045,0.0,0.2307392306429717,True
2005-08-03,1.0456331814461697,0.22026455480782475,0.8153172542426397,0.0,0.23031592720353,True
2005-08-04,1.0315906814241458,0.21666643274036845,0.8080796084317703,0.0,0.22351107299237555,True
2005-08-05,1.0236249156100377,0.215140704808582,0.8034015298060689,0.0,0.22022338580396877,True
2005-08-08,1.0149938494783586,0.21211463995571517,0.7996987945389913,0.0,0.21529505493936738,True
2005-08-09,1.0242696867899237,0.21430503105759457,0.8047635397510564,0.0,0.21950614703886726,True
2005-08-10,1.0148562619622283,0.2106267679364429,0.8011003675850641,0.0,0.21375589437716416,True
2005-08-11,1.0248991168678006,0.21361142593855278,0.8059689550705063,0.0,0.21893016179729433,True
2005-08-12,1.0164373539711755,0.21171041291096596,0.8012469820638083,0.0,0.21519037190736723,True
2005-08-15,1.0252413109329586,0.21367478374770565,0.8061730955301444,0.0,0.21906821540281418,True
2005-08-16,1.0027240422446841,0.20776515802263704,0.79439292315462,0.0,0.2083311190900642,True
2005-08-17,1.0086783805617978,0.21014026311757994,0.7967144402695271,0.0,0.21196394029227061,True
2005-08-18,1.0032751933107134,0.2079531104024739,0.7946409962721072,0.0,0.20863419703860614,True
2005-08-19,1.0035865584427057,0.20749595362807516,0.7953464084503186,0.0,0.2082401499923872,True
2005-08-22,1.0040433689581996,0.20765195863797908,0.7955517968365543,0.0,0.20849157212164524,True
2005-08-23,1.0003271969310092,0.20658128371771958,0.7936783204512532,0.0,0.20664887647975597,True
2005-08-24,0.9906792015571775,0.20480523523545846,0.7877829146393835,0.0,0.2028962869177939,True
2005-08-25,0.9943848066875431,0.2054036907975548,0.7901344973209088,0.0,0.2042503093666344,True
2005-08-26,0.9882215449100745,0.2045240268576714,0.7861064951175569,0.0,0.2021150497925176,True
2005-08-29,0.9989744485067449,0.20698732083149268,0.7921994038312158,0.0,0.20677504467552907,True
2005-08-30,0.9931491676464733,0.20587373895133687,0.7886858351666858,0.0,0.20446333247978754,True
2005-08-31,1.007456931954177,0.20855599986557805,0.797345744188966,0.0,0.210111187765211,True
2005-09-01,1.005509725359989,0.2079246922004978,0.7964394252099061,0.0,0.2090703001500828,True
2005-09-02,1.0007714025172783,0.20642290018788773,0.7941892671845617,0.0,0.20658213533271655,True
2005-09-06,1.020294951438181,0.2113342566253986,0.8046716763373457,0.0,0.21562327510083512,True
2005-09-07,1.0227719746574437,0.21187634752234533,0.8060707843188079,0.0,0.2167011903386359,True
2005-09-08,1.0210979905629605,0.2119904524473843,0.8046349655504036,0.0,0.21646302501255693,True
2005-09-09,1.030480757867962,0.21350796371952832,0.8104649096034171,0.0,0.22001584826454487,True
2005-09-12,1.0325497395148155,0.2147819634206632,0.8107766791323292,0.0,0.22177306038248643,True
2005-09-13,1.0275300173675852,0.21412820904884594,0.8075068550047347,0.0,0.22002316236285058,True
2005-09-14,1.0139074536577661,0.2095402704097366,0.8014530116478703,0.0,0.2124544420098958,True
2005-09-15,1.0131115068551502,0.20931369140818118,0.8010533975471937,0.0,0.21205810930795632,True
2005-09-16,1.0222410108127562,0.21118772562609217,0.8063562566974928,0.0,0.21588475411526348,True
2005-09-19,1.0125598679819443,0.20810088127963183,0.8018452671065139,0.0,0.21071460087543029,True
2005-09-20,1.0048710441729,0.2070455695018893,0.7968169465561638,0.0,0.20805409761673624,True
2005-09-21,0.9897845521869643,0.2031651273925968,0.7886948475506753,0.0,0.20108970463628895,True
2005-09-22,0.9947471654700033,0.20428891746729147,0.7915313438824797,0.0,0.20321582158752363,True
2005-09-23,0.9978670123550525,0.20532046775991905,0.7929844906161202,0.0,0.2048825217389323,True
2005-09-26,0.9985145735707005,0.20527612776637721,0.7935433683898118,0.0,0.20497120518088877,True
2005-09-27,0.99599863541842,0.2042915456389793,0.7925245347344768,0.0,0.20347410068394325,True
2005-09-28,0.9965806813549152,0.20426121831816277,0.7930178972290155,0.0,0.20356278412589973,True
2005-09-29,1.0132780470328377,0.20892875260538,0.8015751286238515,0.0,0.21170291840898636,True
2005-09-30,1.0213170515738554,0.21133715586775678,0.8054748106549938,0.0,0.21584224091886167,True
2005-10-03,1.0224636960608422,0.21263187441877654,0.8050553238422751,0.0,0.2174083722185671,True
2005-10-04,1.0109241791591566,0.2107433148511952,0.7978786665799324,0.0,0.21304551257922422,True
2005-10-05,0.9913538887200731,0.2059703535213801,0.7871643777956048,0.0,0.20418951092446838,True
2005-10-06,0.9766295707494672,0.2007501361174311,0.7805710514852033,0.0,0.19605851926426385,True
2005-10-07,0.9802052854051663,0.20135954019496158,0.7828315998393109,0.0,0.19737368556585536,True
2005-10-10,0.9714444643159872,0.19976620131697764,0.7773826938891762,0.0,0.194061770426811,True
2005-10-11,0.9659816140626538,0.1978222989588407,0.774888910416808,0.0,0.1910927036458458,True
2005-10-12,0.9514763582477412,0.19362038885256372,0.7672511357797924,0.0,0.18422522246794887,True
2005-10-13,0.9584239755405661,0.19660821694850492,0.7699899466288379,0.0,0.1884340289117282,True
2005-10-14,0.9694636597080093,0.19862020019794713,0.77690859353217,0.0,0.19255506617583928,True
2005-10-17,0.9738798810287281,0.19951776330327095,0.7795735454398207,0.0,0.19430633558890745,True
2005-10-18,0.962708262630867,0.19747687004716072,0.7725956481579834,0.0,0.19011261447288358,True
2005-10-19,0.9882425535479291,0.20387346897871741,0.7867661159637269,0.0,0.20147643758420222,True
2005-10-20,0.9719492462769357,0.20142522740239524,0.7761741483220173,0.0,0.19577509795491843,True
2005-10-21,0.9795054564804332,0.20355453420404906,0.7801226795362342,0.0,0.19938277694419904,True
2005-10-24,1.0011116806086486,0.20854224679685437,0.7923376014399462,0.0,0.20877407916870244,True
2005-10-25,0.996324301632906,0.20705796813415925,0.7900274161341112,0.0,0.2062968854987947,True
2005-10-26,0.9898942925297814,0.20512002314554204,0.7868471523344327,0.0,0.20304714019534872,True
2005-10-27,0.965483528855141,0.19754794223413263,0.7747542444688591,0.0,0.19072928438628192,True
2005-10-28,0.9783056861653192,0.199345962572002,0.7832843974670307,0.0,0.19502128869828844,True
2005-10-31,0.9933306481154485,0.20471139630029828,0.7899845441518547,0.0,0.2033461039635937,True
2005-11-01,0.9936629649562987,0.2040927178202346,0.7908635898410552,0.0,0.20279937511524354,True
2005-11-02,1.010903256808602,0.20843964424936526,0.8001909415888924,0.0,0.21071231521970973,True
2005-11-03,1.028009833612089,0.21411408867584833,0.8078984449384262,0.0,0.22011138867366292,True
2005-11-04,1.0311292510125463,0.2156306813145393,0.8087861480933602,0.0,0.22234310291918596,True
2005-11-07,1.032779902824443,0.21601106210831547,0.8096880190912124,0.0,0.2230918837332308,True
2005-11-08,1.0329640081490912,0.21605310527842359,0.8097889265476332,0.0,0.223175081601458,True
2005-11-09,1.0339452941783158,0.21608945508446545,0.8105206189721762,0.0,0.2234246752061396,True
2005-11-10,1.0487900663651455,0.21995242439130838,0.8181061485906105,0.0,0.23068391777453495,True
2005-11-11,1.0530790323103174,0.22075433139060702,0.8206072746311858,0.0,0.23247175767913156,True
2005-11-14,1.0527593016951178,0.220738005473128,0.8203753131956545,0.0,0.23238398849946332,True
2005-11-15,1.0460116435658133,0.21896775086212053,0.816968826598617,0.0,0.22904281696719622,True
2005-11-16,1.0535119088570872,0.2213496402436928,0.820317426839125,0.0,0.23319448201796233,True
2005-11-17,1.0719420409644136,0.2261057918580271,0.8295697369662451,0.0,0.24237230399816845,True
2005-11-18,1.07735048411034,0.2271724579091252,0.8326061266054081,0.0,0.2447443575049319,True
2005-11-21,1.0821295839748646,0.22772036428477418,0.8357066409087772,0.0,0.2464229430660873,True
2005-11-22,1.0880089414782121,0.22885822150239776,0.8390091501528022,0.0,0.24899979132541,True
2005-11-23,1.0931373960961326,0.22933766358183486,0.8424398197015147,0.0,0.2506975763946178,True
2005-11-25,1.0959013573499048,0.23015120962384836,0.8436783343274069,0.0,0.2522230230224979,True
2005-11-28,1.0829741150667367,0.22697378161128587,0.8371673847829036,0.0,0.24580673028383307,True
2005-11-29,1.0768513055334474,0.22488099686646162,0.8346879104681352,0.0,0.2421633950653123,True
2005-11-30,1.0717428173438197,0.22422843424813882,0.8314276034941259,0.0,0.24031521384969373,True
2005-12-01,1.0971179259701944,0.2312289130889502,0.843432540417703,0.0,0.25368538555249137,True
2005-12-02,1.10037069049642,0.23210492434348823,0.8449692346289565,0.0,0.25540145586746343,True
2005-12-05,1.090623138161554,0.2289182550881004,0.8409595924149029,0.0,0.2496635457466512,True
2005-12-06,1.0952418102369539,0.23015624376305335,0.8431650691805698,0.0,0.25207674105638417,True
2005-12-07,1.090438927075677,0.22975889011704148,0.8399008894503518,0.0,0.25053803762532506,True
2005-12-08,1.0816821581154843,0.2265522182279362,0.83662466577684,0.0,0.24505749233864418,True
2005-12-09,1.087127075966793,0.22793670629775512,0.8393309109438128,0.0,0.2477961650229802,True
2005-12-12,1.0916149066914314,0.22936355009141532,0.8412382363599755,0.0,0.2503766703314558,True
2005-12-13,1.0991397293428986,0.23048292285079777,0.8458067919025126,0.0,0.25333293744038604,True
2005-12-14,1.0967676798042572,0.22858814590130586,0.8460595893933248,0.0,0.2507080904109322,True
2005-12-15,1.0974127077856937,0.22951350048583805,0.8455416757441571,0.0,0.25187103204153666,True
2005-12-16,1.0878237313771586,0.22665528390290482,0.8412627347055515,0.0,0.24656099667160716,True
2005-12-19,1.067149497803268,0.2199572255127657,0.83242225505912,0.0,0.2347272427441481,True
2005-12-20,1.0682801170014973,0.2201249595050745,0.8331249995064665,0.0,0.23515511749503082,True
2005-12-21,1.073784321874757,0.22180124315521244,0.8356176244023591,0.0,0.23816669747239785,True
2005-12-22,1.0833154231037632,0.22409614318975554,0.8405486149282316,0.0,0.24276680817553153,True
2005-12-23,1.0834558196769317,0.22398229850103893,0.8407808948613654,0.0,0.24267492481556632,True
2005-12-27,1.0690991090913484,0.22098253588638772,0.8328468768504644,0.0,0.23625223224088404,True
2005-12-28,1.0685693031991215,0.22020142679974547,0.833268818000265,0.0,0.23530048519885638,True
2005-12-29,1.0592307867242958,0.21766871725937365,0.8286693800963811,0.0,0.23056140662791466,True
2005-12-30,1.0484707363349657,0.21479528669831544,0.8232641639291028,0.0,0.22520657240586284,True
2006-01-03,1.0798390062629508,0.22240967851218427,0.8396723600350915,0.0,0.24016664622785944,True
2006-01-04,1.0936023383274192,0.22638184370551578,0.8460306246961947,0.0,0.2475717136312244,True
2006-01-05,1.0987968639683396,0.22813729869656044,0.8481203156063507,0.0,0.250676548361989,True
2006-01-06,1.1235498905560326,0.23515840619075412,0.8593376890170797,0.0,0.26421220153895286,True
2006-01-09,1.129417257163013,0.23663926196726245,0.8621527909748677,0.0,0.26726446618814526,True
2006-01-10,1.1306082951147354,0.2367914675409963,0.8628898977004933,0.0,0.267718397414242,True
2006-01-11,1.1413743341207911,0.23987909453538878,0.8675824923259634,0.0,0.2737918417948277,True
2006-01-12,1.133452989457645,0.23793624386369197,0.8637634425500201,0.0,0.2696895469076249,True
2006-01-13,1.1323649484332472,0.23773654521557155,0.8631604176695181,0.0,0.269204530763729,True
2006-01-17,1.123009003440889,0.23493503015059738,0.8591748493581114,0.0,0.2638341540827776,True
2006-01-18,1.1071810945323297,0.2299926666812327,0.8525375621017932,0.0,0.2546435324305365,True
2006-01-19,1.1174537405086236,0.23280699596236393,0.857302692053904,0.0,0.2601510484547196,True
2006-01-20,1.0734167820410143,0.22054295177664732,0.8366822764430989,0.0,0.23673450559791537,True
2006-01-23,1.0750884237440093,0.22027061601420808,0.8382780343761723,0.0,0.23681038936783688,True
2006-01-24,1.0803493882858513,0.22197625607076418,0.8405374758258177,0.0,0.23981191246003355,True
2006-01-25,1.075666037468409,0.2199462217100017,0.8390773567054634,0.0,0.23658868076294567,True
2006-01-26,1.085825041431065,0.22239308801224145,0.8443450574261905,0.0,0.24147998400487455,True
2006-01-27,1.1050906326436514,0.22726117306922564,0.8539464391212425,0.0,0.2511441935224089,True
2006-01-30,1.1068958162739957,0.22808902553490873,0.8544250281713927,0.0,0.25247078810260304,True
2006-01-31,1.0983296791111583,0.22666690813159,0.8493746866378707,0.0,0.24895499247328765,True
2006-02-01,1.1053742306904175,0.22754156641803802,0.8538556467609861,0.0,0.2515185839294313,True
2006-02-02,1.0801334831631175,0.2208292697221714,0.8416083948737411,0.0,0.23852508828937657,True
2006-02-03,1.0639567069764144,0.2158146372965408,0.8343392761610776,0.0,0.2296174308153368,True
2006-02-06,1.0619780196370407,0.21438301728623319,0.8343079674955934,0.0,0.2276700521414474,True
2006-02-07,1.0533401957852284,0.21319083380883863,0.8287777211614104,0.0,0.22456247462381818,True
2006-02-08,1.069597826017127,0.2171488468229815,0.8373358915331398,0.0,0.23226193448398713,True
2006-02-09,1.0582219631597602,0.2131434478449234,0.8326688853466655,0.0,0.2255530778130948,True
2006-02-10,1.0655963985316048,0.21547869057313604,0.8359830818965649,0.0,0.22961331663503984,True
2006-02-13,1.052040312170279,0.21065029998112475,0.8304277048193737,0.0,0.2216126073509054,True
2006-02-14,1.0672850887493472,0.21386181195899256,0.8390335657925977,0.0,0.22825152295674958,True
2006-02-15,1.0756865395969268,0.21614877532797216,0.8431782114262668,0.0,0.23250832817065997,True
2006-02-16,1.0890776013431294,0.21931413173704825,0.8502274928102939,0.0,0.2388501085328356,True
2006-02-17,1.078754931121473,0.216042475283335,0.8456980455778865,0.0,0.23305688554358658,True
2006-02-21,1.0650824213763546,0.21139627782465753,0.8399279619209198,0.0,0.2251544594554348,True
2006-02-22,1.081245917896833,0.21596626764471205,0.8477332726025733,0.0,0.23351264529425977,True
2006-02-23,1.0775255504422157,0.21488642184507614,0.8459799404610419,0.0,0.23154560998117382,True
2006-02-24,1.0814965297006403,0.21572347861081587,0.8481923362080925,0.0,0.23330419349254766,True
2006-02-27,1.0940926141629217,0.22028137430445083,0.853084389498764,0.0,0.24100822466415767,True
2006-02-28,1.0728528737729615,0.2145308561032916,0.8426928282895714,0.0,0.23016004548339006,True
2006-03-01,1.091650178872364,0.21936554413681425,0.8521797433769772,0.0,0.23947043549538674,True
2006-03-02,1.0923396482810597,0.21960748937646896,0.8524536805756809,0.0,0.23988596770537865,True
2006-03-03,1.0836635159579473,0.21744811678168108,0.8480229251878765,0.0,0.23564059077007085,True
2006-03-06,1.0717993622048336,0.21403414949175684,0.8423976972895146,0.0,0.229401664915319,True
2006-03-07,1.064563718356837,0.2116208017280019,0.8392798907876204,0.0,0.22528382756921667,True
2006-03-08,1.0658895258403283,0.21157801771200624,0.8403707328630414,0.0,0.2255187929772869,True
2006-03-09,1.0535843001700904,0.20845942029728307,0.8339547277223147,0.0,0.21962957244777573,True
2006-03-10,1.0585137681062797,0.20801463789669714,0.8383274099249834,0.0,0.22018635818129623,True
2006-03-13,1.0623967253314646,0.20900561592801187,0.8403498433936589,0.0,0.2220468819378056,True
2006-03-14,1.0851307324454629,0.21495213369745225,0.8518795661656314,0.0,0.23325116627983142,True
2006-03-15,1.0964527137720834,0.21804115593390005,0.8573808966343566,0.0,0.23907181713772674,True
2006-03-16,1.087622828225542,0.2141855712553753,0.8546697114516674,0.0,0.23295311677387465,True
2006-03-17,1.0908493891137778,0.21514991910754933,0.8561532312874289,0.0,0.2346961578263489,True
2006-03-20,1.0927921831786431,0.21622984858733543,0.8564978948725015,0.0,0.23629428830614174,True
2006-03-21,1.0779554827723261,0.21214729556768355,0.8492701423598205,0.0,0.22868534041250568,True
2006-03-22,1.083146470179443,0.2125798634816379,0.8528913414180791,0.0,0.230255128761364,True
2006-03-23,1.078911852637411,0.2114584345722685,0.850766841237238,0.0,0.228145011400173,True
2006-03-24,1.0848128462602942,0.21344248793535386,0.8532676934102645,0.0,0.23154515285002972,True
2006-03-27,1.084362847071553,0.21359472087990702,0.8527486674187632,0.0,0.23161417965278966,True
2006-03-28,1.0770255116772358,0.21230246384870996,0.8483703419202411,0.0,0.2286551697569947,True
2006-03-29,1.1006348366476846,0.21947622756413498,0.8590716547745829,0.0,0.24156318187310175,True
2006-03-30,1.1033520804766488,0.22087966798047157,0.8596440392754041,0.0,0.24370804120124473,True
2006-03-31,1.1000338110405263,0.21955417115688036,0.8585167994129793,0.0,0.2415170116275471,True
2006-04-03,1.1009756364118601,0.22005725634486775,0.8586979585605216,0.0,0.24227767785133864,True
2006-04-04,1.109952197401225,0.22177086976535934,0.8637971331855834,0.0,0.24615506421564148,True
2006-04-05,1.122426353705137,0.225447029795008,0.8693786660986728,0.0,0.25304768760646423,True
2006-04-06,1.1252147157579546,0.22669134348477005,0.8701382801339502,0.0,0.2550764356240044,True
2006-04-07,1.1091661069487972,0.2232522478196168,0.8615422803671448,0.0,0.24762382658165247,True
2006-04-10,1.108060400578157,0.22242797198538494,0.8615967728402443,0.0,0.2464636277379127,True
2006-04-11,1.0948865180060567,0.21957386875208684,0.8544780494029656,0.0,0.24040846860309126,True
2006-04-12,1.0958538403538167,0.21944220322841648,0.8553772592102538,0.0,0.24047658114356293,True
2006-04-13,1.0998441158523922,0.22121051228622138,0.8565470355496982,0.0,0.2432970803026939,True
2006-04-17,1.0874684823751617,0.2166166620510799,0.8519046896373006,0.0,0.23556379273786116,True
2006-04-18,1.1158696669753239,0.22317282911768982,0.8668378764698265,0.0,0.2490317905054974,True
2006-04-19,1.1218740446314897,0.22486246646907704,0.8696066798880135,0.0,0.25226736474347616,True
2006-04-20,1.1181709254193009,0.2231284796849878,0.8686751468025363,0.0,0.24949577861676447,True
2006-04-21,1.1042121051370386,0.21787553851763075,0.8636312980926195,0.0,0.240580807044419,True
2006-04-24,1.1022186285265285,0.21755084931946683,0.8624300297548443,0.0,0.23978859877168418,True
2006-04-25,1.097866301644037,0.21691182570175316,0.8597261177779973,0.0,0.23814018386603975,True
2006-04-26,1.097587303661699,0.21671623762751138,0.8597223127444107,0.0,0.23786499091728824,True
2006-04-27,1.1104867266745975,0.22024557738340475,0.8659069363815436,0.0,0.2445797902930539,True
2006-04-28,1.1005143692634827,0.2156754377110287,0.8631604509653044,0.0,0.2373539182981783,True
2006-05-01,1.0856935978870874,0.21209839644114847,0.8554197267488151,0.0,0.2302738711382723,True
2006-05-02,1.0917755419643425,0.2125033325310244,0.8597696009210544,0.0,0.23200594104328806,True
2006-05-03,1.0884437547456551,0.21213619102906806,0.8575454424645348,0.0,0.2308983122811204,True
2006-05-04,1.0990724219131627,0.21515732630521298,0.8625989381985316,0.0,0.23647348371463106,True
2006-05-05,1.1117754546385967,0.21763878332659356,0.869809997358682,0.0,0.2419654572799146,True
2006-05-08,1.1122443192129503,0.21806982863877294,0.8696973911177335,0.0,0.24254692809521675,True
2006-05-09,1.1085827014012968,0.21620380803021857,0.8689028998419097,0.0,0.2396798015593871,True
2006-05-10,1.0980944163397528,0.21240824636021421,0.864850107027083,0.0,0.23324430931266985,True
2006-05-11,1.0675043905995882,0.20376959811672168,0.8499794499392743,0.0,0.217524940660314,True
2006-05-12,1.0473104197184908,0.19919423460394622,0.8386922222699285,0.0,0.20861819744856244,True
2006-05-15,1.0472812023260134,0.1986655240885434,0.8392225333978361,0.0,0.20805866892817731,True
2006-05-16,1.0387767254440041,0.19571486626391038,0.8354726775456681,0.0,0.203304047898336,True
2006-05-17,1.0168168876814396,0.19172664504680484,0.8218659971793434,0.0,0.1949508905020962,True
2006-05-18,1.007818861508936,0.18936750022519513,0.8169707230251867,0.0,0.19084813848374935,True
2006-05-19,1.0181522709704272,0.19168305938737693,0.82298972874861,0.0,0.19516254222181706,True
2006-05-22,1.0052976456838763,0.18842414210213881,0.8158752992385919,0.0,0.1894223464452843,True
2006-05-23,0.9925899880748894,0.18516945559116285,0.8087926403578233,0.0,0.1837973477170661,True
2006-05-24,1.0021794131244426,0.18702348175085398,0.8147483299428818,0.0,0.18743108318156074,True
2006-05-25,1.0198625488128834,0.1909371407500097,0.8251329097845342,0.0,0.19472963902834917,True
2006-05-26,1.0251685635769967,0.19174724617642133,0.8285953146444701,0.0,0.19657324893252662,True
2006-05-30,0.9961119166967223,0.1845097083909685,0.8123195974222414,0.0,0.18379231927448095,True
2006-05-31,1.0050326797992983,0.18534677883982678,0.8187531099697394,0.0,0.18627956982955898,True
2006-06-01,1.031812807000577,0.19329168163677282,0.8323719744010765,0.0,0.19944083259950043,True
2006-06-02,1.030045532616446,0.19207668427990218,0.8321978020541532,0.0,0.19784773056229277,True
2006-06-05,1.0019885127292427,0.18451566530397093,0.8171059356760701,0.0,0.18488257705317257,True
2006-06-06,1.0001655164101477,0.1843409929746624,0.8157940119760851,0.0,0.1843715044340626,True
2006-06-07,0.9898352718603034,0.18199987759546427,0.809685373542055,0.0,0.18014989831824832,True
2006-06-08,0.9879270960109319,0.18141718276782245,0.8087001454726326,0.0,0.17922695053829932,True
2006-06-09,0.9804270035648543,0.1791523331331398,0.8047812184094775,0.0,0.17564578515537682,True
2006-06-12,0.9577127467503704,0.1725027784192975,0.7925046370083545,0.0,0.16520810974201594,True
2006-06-13,0.949459637968978,0.17183035974014366,0.786313646818022,0.0,0.16314599115095604,True
2006-06-14,0.9614380946430151,0.17480698402882297,0.7933720009880516,0.0,0.16806609365496353,True
2006-06-15,0.9941978974516685,0.18271812325119446,0.8125399234890162,0.0,0.18165797396265237,True
2006-06-16,0.9841627895703462,0.18042777999113588,0.8065924822982852,0.0,0.17757030727206097,True
2006-06-19,0.9733443138925391,0.1779264278235099,0.8001606370793145,0.0,0.1731836768132246,True
2006-06-20,0.9758335624328587,0.1780923182059887,0.8020451011159825,0.0,0.1737884613168762,True
2006-06-21,0.9932627404762661,0.18315938801320736,0.811337344794312,0.0,0.1819253956819541,True
2006-06-22,0.9793432687876691,0.1786196151633877,0.8044133510039615,0.0,0.17492991778370762,True
2006-06-23,0.9782284456137982,0.17818016447073545,0.8039275402843797,0.0,0.17430090532941844,True
2006-06-26,0.9823494352801302,0.17874682610297424,0.8067575915997578,0.0,0.17559184368037237,True
2006-06-27,0.9612755509340669,0.17226716514578203,0.7956793368507055,0.0,0.1655962140833615,True
2006-06-28,0.9705712854492118,0.1743578778466785,0.8013445358193644,0.0,0.1692267496298474,True
2006-06-29,1.0062155709577145,0.18345067668505655,0.8216246435744812,0.0,0.18459092738323327,True
2006-06-30,1.0014602200393843,0.18154145111958295,0.8196536784548976,0.0,0.18180654158448667,True
2006-07-03,1.0087175772005803,0.18336000581688652,0.8237591163774862,0.0,0.18495846082309408,True
2006-07-05,0.9852104030352691,0.1753746648867677,0.8124294587600014,0.0,0.17278094427526766,True
2006-07-06,0.9853454739578058,0.17471921609040875,0.8131866851696657,0.0,0.1721587887881401,True
2006-07-07,0.9724459514426542,0.17110300280365592,0.8060575290865579,0.0,0.16638842235609633,True
2006-07-10,0.9652345439646446,0.16777467065384463,0.8032926362472624,0.0,0.16194190771738215,True
2006-07-11,0.973584398826445,0.16999907260551475,0.8080759539227517,0.0,0.16550844490369326,True
2006-07-12,0.9522081178271423,0.1638994650437599,0.7961417167049482,0.0,0.15606640112219414,True
2006-07-13,0.9311184673845179,0.15909232774067358,0.7829846630059865,0.0,0.1481338043785314,True
2006-07-14,0.9210173385056675,0.15584652397254228,0.7774799877811168,0.0,0.1435373507245506,True
2006-07-17,0.9224367138880174,0.15670440479268746,0.7778868176792731,0.0,0.1445498962087443,True
2006-07-18,0.9270960129132867,0.1574020092657209,0.7811692376984967,0.0,0.14592677521479006,True
2006-07-19,0.9432172203325754,0.16067439865790795,0.7916663606518554,0.0,0.15155085968072002,True
2006-07-20,0.9278970115228462,0.1560261260971977,0.7831208353977697,0.0,0.1447761761250765,True
2006-07-21,0.9163716093468001,0.1529236853145888,0.7762366857278267,0.0,0.14013492361897337,True
2006-07-24,0.9394635264184289,0.15799591211296693,0.7910321296650848,0.0,0.14843139675334407,True
2006-07-25,0.94565415102337,0.15960436757437646,0.7947236183052012,0.0,0.15093053271816886,True
2006-07-26,0.9454208921624346,0.1591771478837292,0.7949314909983276,0.0,0.15048940116410706,True
2006-07-27,0.9394068843075888,0.1569699180854687,0.7919482626289012,0.0,0.1474586216786876,True
2006-07-28,0.9608356506209303,0.16302438765222302,0.8041960070440279,0.0,0.15663964357690247,True
2006-07-31,0.960120466528107,0.1629391874397471,0.8036792178677463,0.0,0.15644124866036066,True
2006-08-01,0.9435090015049157,0.15741779718156926,0.79498389286703,0.0,0.14852510863788573,True
2006-08-02,0.9556020763764712,0.16059399337087935,0.8021381228576696,0.0,0.15346395351880154,True
2006-08-03,0.961966873525144,0.16244158603162046,0.8057034488798404,0.0,0.15626342464530363,True
2006-08-04,0.9572130286905774,0.1609302270807379,0.8031685186187619,0.0,0.15404451007181552,True
2006-08-07,0.950591493788562,0.15881818675685988,0.7996202763985677,0.0,0.15097121738999425,True
2006-08-08,0.9436470093634932,0.156905500375835,0.7955836031811541,0.0,0.14806340618233915,True
2006-08-09,0.9433905384568531,0.15752139359898035,0.7947863461310372,0.0,0.14860419232581595,True
2006-08-10,0.9505436742209942,0.15960189314790532,0.7988351042955577,0.0,0.15170856992543644,True
2006-08-11,0.9433058692283303,0.15734265944075868,0.7948836150978682,0.0,0.148422254130462,True
2006-08-14,0.9490870314567996,0.15939457475139598,0.7978077076756783,0.0,0.15127932378112136,True
2006-08-15,0.9753544575727852,0.16679832377889942,0.812666968959367,0.0,0.16268748861341822,True
2006-08-16,0.9997741674375972,0.17417384371839453,0.8256396578446331,0.0,0.17413450959296406,True
2006-08-17,1.0041370273198684,0.1752244120552823,0.8281877070848056,0.0,0.17594932023506288,True
2006-08-18,1.007616328797559,0.17534977979953986,0.8309310274204862,0.0,0.17668530137707272,True
2006-08-21,0.9967357077556024,0.17210987852125628,0.8251876461759873,0.0,0.17154806157961514,True
2006-08-22,0.9968653536334295,0.1721416061147628,0.82526335057881,0.0,0.17160200305461956,True
2006-08-23,0.9886455149708775,0.16956306303364435,0.8210077531979408,0.0,0.16763776177293668,True
2006-08-24,0.9908542705413306,0.1705705184137224,0.821843743942645,0.0,0.16901052659868548,True
2006-08-25,0.9929633622980687,0.171064049133153,0.8231030289024911,0.0,0.16986033339557763,True
2006-08-28,1.0018212340459405,0.17332240450645403,0.8281831688754749,0.0,0.17363806517046546,True
2006-08-29,1.005123838410936,0.17428422154390197,0.8299466126782673,0.0,0.1751772257326687,True
2006-08-30,1.0096687402003557,0.17583907997293394,0.8321295178460939,0.0,0.1775392223542618,True
2006-08-31,1.008547540448681,0.17541042506546117,0.8316377876798524,0.0,0.17690975276882853,True
2006-09-01,1.0160636349094134,0.17685548232352238,0.8363672106861177,0.0,0.17969642422329565,True
2006-09-05,1.0260860544598072,0.18015738241995927,0.8412290767507046,0.0,0.18485697770910264,True
2006-09-06,1.0027725570694794,0.1731898855091222,0.8291024927189266,0.0,0.17367006435055285,True
2006-09-07,0.99643397146965,0.17177938439109575,0.8252671572642188,0.0,0.17116681420543114,True
2006-09-08,1.0030658399636363,0.17362551523798986,0.828908016682323,0.0,0.17415782328131343,True
2006-09-11,1.0092085602656957,0.17570002659691272,0.8318905893851809,0.0,0.17731797088051474,True
2006-09-12,1.0307290005719367,0.18149196851124516,0.8436599652565075,0.0,0.18706903531542915,True
2006-09-13,1.0390317757758913,0.18363615166657382,0.8482279790131202,0.0,0.1908037967627711,True
2006-09-14,1.0399751785374582,0.18393769907110671,0.8486845371062147,0.0,0.19129064143124347,True
2006-09-15,1.044456531380475,0.18503180452028736,0.8511988546361456,0.0,0.19325767674432945,True
2006-09-18,1.0452002719051736,0.18495481041635362,0.851885453767831,0.0,0.19331481813734264,True
2006-09-19,1.0372797587726919,0.1825202109452654,0.8479552383922462,0.0,0.18932452038044573,True
2006-09-20,1.0538835128040127,0.1874076158009233,0.8563777163375108,0.0,0.19750579646650185,True
2006-09-21,1.0454157494507659,0.18533646937830905,0.8516620854150819,0.0,0.1937536640356839,True
2006-09-22,1.0362662665736382,0.18256064530389426,0.8470848282412974,0.0,0.1891814383323407,True
2006-09-25,1.0568361415931742,0.18835598624570973,0.8577747278432813,0.0,0.19906141374989286,True
2006-09-26,1.0653665412830509,0.1895274442368524,0.8634503435382191,0.0,0.20191619774483172,True
2006-09-27,1.0645218246915662,0.18889585658770072,0.8634380627601507,0.0,0.20108376193141558,True
2006-09-28,1.0670662859500895,0.18988827806920358,0.8644429063253266,0.0,0.2026233796247629,True
2006-09-29,1.0620351223451,0.18817943087436134,0.8621819574536163,0.0,0.1998531648914836,True
2006-10-02,1.0474010881245255,0.18354141158589984,0.8551596139135426,0.0,0.1922414742109829,True
2006-10-03,1.0524674511253114,0.18489648104522047,0.8578699229976087,0.0,0.19459752812770265,True
2006-10-04,1.0822705057354955,0.1929722128684615,0.873422371321448,0.0,0.20884813441404754,True
2006-10-05,1.0881665632575452,0.1946282416248664,0.8763786184557553,0.0,0.21178794480178997,True
2006-10-06,1.085191603180656,0.1938041268545699,0.8748769920563181,0.0,0.21031461112433797,True
2006-10-09,1.0889683419516818,0.1950037946147443,0.8766153830557774,0.0,0.2123529588959044,True
2006-10-10,1.0912670838871723,0.19548779044981268,0.8779376928674586,0.0,0.2133293910197137,True
2006-10-11,1.088576752407274,0.19475143273858395,0.8765748702300425,0.0,0.21200188217723137,True
2006-10-12,1.1093424396678555,0.20012660844321056,0.8873334996150106,0.0,0.22200894005284486,True
2006-10-13,1.1164284376715317,0.20201660098648183,0.8908913594484806,0.0,0.2255370782230511,True
2006-10-16,1.1180667967982445,0.20219812273001514,0.8919957893988781,0.0,0.22607100739936634,True
2006-10-17,1.1041198270913926,0.19785999660828402,0.8856586818479505,0.0,0.21846114524344207,True
2006-10-18,1.0993730892213638,0.19578324221223783,0.8841342614127213,0.0,0.21523882780864242,True
2006-10-19,1.1025886927005597,0.19652363120714061,0.8859039590831116,0.0,0.21668473361744808,True
2006-10-20,1.1051939185194146,0.19737320683149145,0.8870582506505758,0.0,0.21813566786883895,True
2006-10-23,1.1183756432469165,0.20094711226144316,0.8936412873129146,0.0,0.22473435593400184,True
2006-10-24,1.1119416664266824,0.19787170281735797,0.891919875457264,0.0,0.22002179096941826,True
2006-10-25,1.1209709310340743,0.2002388282852733,0.8965090252619593,0.0,0.22446190577211497,True
2006-10-26,1.1325691134277118,0.2035608915146513,0.9020223349964085,0.0,0.23054677843130325,True
2006-10-27,1.1133574812771918,0.1981279740821693,0.892770219082515,0.0,0.22058726219467675,True
2006-10-30,1.1200198292246906,0.2006378373671425,0.8953014728807324,0.0,0.22471835634395818,True
2006-10-31,1.1224923472876924,0.20151740673614185,0.896290600381112,0.0,0.22620174690658051,True
2006-11-01,1.1040154515920138,0.19642285968738868,0.8871615794512466,0.0,0.21685387214076715,True
2006-11-02,1.1046981954500037,0.19677196101788416,0.8873245651983885,0.0,0.2173736302516151,True
2006-11-03,1.100951877582621,0.19580019365813636,0.885385286743655,0.0,0.21556659083896604,True
2006-11-06,1.1216937599064467,0.20047820569594837,0.8968186075800603,0.0,0.22487515232638636,True
2006-11-07,1.1309672462931786,0.20280921551821893,0.9015966662956587,0.0,0.22937057999751984,True
2006-11-08,1.1371544555378947,0.20443770159867586,0.9046772122850338,0.0,0.23247724325286084,True
2006-11-09,1.1293263433089675,0.20288936129816082,0.9001980428178237,0.0,0.2291283004911439,True
2006-11-10,1.1347267109649446,0.2046587619595134,0.9024949471364684,0.0,0.23223176382847618,True
2006-11-13,1.147467940135031,0.20850144785948568,0.9082192132445353,0.0,0.2392487268904956,True
2006-11-14,1.163165614017989,0.21212227402478825,0.916432278905054,0.0,0.24673333511293494,True
2006-11-15,1.1692749792919848,0.21351018527670623,0.9196228618239363,0.0,0.24965211746804852,True
2006-11-16,1.1755484918719634,0.21501698709270814,0.9227855969682769,0.0,0.2527628949036865,True
2006-11-17,1.175562886196723,0.21491480574737779,0.9229170168659273,0.0,0.25264586933079547,True
2006-11-20,1.178186040221613,0.2156441426980465,0.9241171216392172,0.0,0.2540689185823959,True
2006-11-21,1.1801846171553994,0.21605286401961651,0.9252023505470807,0.0,0.2549822666083187,True
2006-11-22,1.188721119561452,0.21845650434918448,0.9290372591360081,0.0,0.2596838604254438,True
2006-11-24,1.1844988358035304,0.21795818253756466,0.9263276223339317,0.0,0.2581712134695987,True
2006-11-27,1.1500149057426605,0.20915665023498078,0.9094816403372286,0.0,0.24053326540543205,True
2006-11-28,1.1553801369617989,0.20995040478812302,0.9128076095225122,0.0,0.2425725274392867,True
2006-11-29,1.1681451659847264,0.21183086630847692,0.9206959635001223,0.0,0.24744920248460417,True
2006-11-30,1.1674101047317609,0.21143444197216743,0.9205794006851314,0.0,0.2468307040466294,True
2006-12-01,1.155919977324092,0.20791059782362986,0.9155919638023634,0.0,0.24032801352172864,True
2006-12-04,1.1755038771728876,0.21278285983057343,0.9253768004461134,0.0,0.25012707672677414,True
2006-12-05,1.181772423548305,0.21385285788870811,0.929047013398435,0.0,0.2527254101498698,True
2006-12-06,1.1768608475814435,0.2123273701315995,0.9269810788036305,0.0,0.24987976877781307,True
2006-12-07,1.1593717348020984,0.20725176926724842,0.9190898915259244,0.0,0.24028184327617402,True
2006-12-08,1.1655111150483548,0.20889693908207904,0.9220394106486125,0.0,0.2434717043997422,True
2006-12-11,1.1710807771874483,0.21008313815832327,0.9250564524790209,0.0,0.2460243247084273,True
2006-12-12,1.1635259121248331,0.20760835128995053,0.9219682158254607,0.0,0.2415576962993725,True
2006-12-13,1.1660703580958147,0.2081969514650097,0.923298064346554,0.0,0.2427722937492608,True
2006-12-14,1.1833167551363681,0.21194313230331827,0.9325208955457677,0.0,0.2507958595906005,True
2006-12-15,1.1863819710243566,0.2129321793175724,0.9337630724310634,0.0,0.2526188985932933,True
2006-12-18,1.1728593248559118,0.20889072669771497,0.9278598881725689,0.0,0.2449994366833428,True
2006-12-19,1.1698151318196663,0.2073397814350786,0.927265918068729,0.0,0.2425492137509373,True
2006-12-20,1.1650981448106297,0.20580625388461227,0.9253136602192424,0.0,0.2397844845913872,True
2006-12-21,1.154910186032236,0.20310827715619856,0.9203383678770838,0.0,0.2345718181551522,True
2006-12-22,1.1399026201923477,0.19928449869593148,0.9127376979651368,0.0,0.2271649222272108,True
2006-12-26,1.147262090828261,0.2004072097733144,0.9173424963266703,0.0,0.22991959450159055,True
2006-12-27,1.156031221918908,0.20184167519544263,0.922695943508561,0.0,0.23333527841034687,True
2006-12-28,1.1493247626223198,0.19997475646293522,0.9194888231201005,0.0,0.22983593950221923,True
2006-12-29,1.148378360870213,0.20060489962133174,0.9180080350605344,0.0,0.23037032580967853,True
2007-01-03,1.1495944564862355,0.20141543463948522,0.9180483893739176,0.0,0.2315460671123179,True
2007-01-04,1.1723399347230914,0.20865339181097456,0.9277272309876619,0.0,0.24461270373542954,True
2007-01-05,1.1628190443110837,0.2072573030769472,0.9218163052206553,0.0,0.24100273909042838,True
2007-01-08,1.1656503338330615,0.2070833098444831,0.9242636045815845,0.0,0.24138672925147703,True
2007-01-09,1.1710934470588767,0.2091256896824635,0.9261877222600755,0.0,0.24490572479880116,True
2007-01-10,1.1866471426962808,0.21358995155228025,0.9331912369781304,0.0,0.2534559057181504,True
2007-01-11,1.2012227451595985,0.2174262091903159,0.940045437286362,0.0,0.2611773078732364,True
2007-01-12,1.2110684071968243,0.21885983940403317,0.9460141700904291,0.0,0.2650542371063952,True
2007-01-16,1.2091816547107834,0.2186645073977795,0.944776543829018,0.0,0.2644051108817654,True
2007-01-17,1.1989150579635046,0.21502814432044332,0.9411145778517754,0.0,0.2578004801117291,True
2007-01-18,1.1742259495818095,0.20727453283140515,0.9308388144437267,0.0,0.24338713513808266,True
2007-01-19,1.1774671790589553,0.20787332207403567,0.9327031649148267,0.0,0.24476401414412843,True
2007-01-22,1.162870028437855,0.2035231441013381,0.9261990640689705,0.0,0.23667096436888468,True
2007-01-23,1.1611715926754995,0.20218627233000885,0.9263986368169408,0.0,0.23477295585855865,True
2007-01-24,1.1840817370012764,0.20800926751229626,0.9377817622129535,0.0,0.24629997478832294,True
2007-01-25,1.1629209539210121,0.2035197348597932,0.9262435897161101,0.0,0.23667736420490215,True
2007-01-26,1.1580953741457363,0.2020294049441373,0.9241260548385152,0.0,0.23396931930722115,True
2007-01-29,1.1587945125487642,0.20236946010486076,0.9242898926717955,0.0,0.23450461987696872,True
2007-01-30,1.16162817527111,0.2020599725877255,0.9269096180186999,0.0,0.2347185572524101,True
2007-01-31,1.1764101191752374,0.2054647705700691,0.9346992839425896,0.0,0.2417108352326478,True
2007-02-01,1.1771993237949732,0.2042529294978845,0.9367529133069212,0.0,0.240446410488052,True
2007-02-02,1.1820614517050587,0.20553705690357366,0.9391040198424352,0.0,0.24295743186262353,True
2007-02-05,1.1809916669980005,0.2050679235114899,0.9388081581623476,0.0,0.2421835088356529,True
2007-02-06,1.1793824125405812,0.2044143905125018,0.9382996754999344,0.0,0.24108273704064687,True
2007-02-07,1.1911308530317861,0.20781600675688192,0.9435947956298019,0.0,0.24753605740198417,True
2007-02-08,1.1901244162816056,0.20775398760097216,0.9428713230578227,0.0,0.24725309322378292,True
2007-02-09,1.1709412552379235,0.20293580934650546,0.9333153439090025,0.0,0.23762591132892102,True
2007-02-12,1.16467166053616,0.20156139283079047,0.9299188184479421,0.0,0.23475284208821798,True
2007-02-13,1.1724962008046682,0.20218400947468096,0.9354362178321498,0.0,0.23705998297251846,True
2007-02-14,1.1953471318872477,0.20826430152810904,0.9463989963811216,0.0,0.24894813550612607,True
2007-02-15,1.2029609392602507,0.21046879657429127,0.9497751980482666,0.0,0.25318574121198406,True
2007-02-16,1.198486130827451,0.2090362666983048,0.9479590643495844,0.0,0.2505270664778665,True
2007-02-20,1.2086969484193484,0.21190182932415394,0.9525718539507659,0.0,0.25612509446858245,True
2007-02-21,1.212248668916505,0.21315137031603767,0.9538562039731593,0.0,0.2583924649433457,True
2007-02-22,1.218141945468446,0.21526003779899294,0.9559246642423694,0.0,0.26221728122607646,True
2007-02-23,1.211695207427005,0.21401608927802776,0.9523729377365487,0.0,0.2593222696904563,True
2007-02-26,1.205051012936603,0.21195685834785224,0.9496321860856636,0.0,0.2554188268509394,True
2007-02-27,1.135410473767383,0.19713266580951477,0.9115839802855745,0.0,0.22382649348180833,True
2007-02-28,1.1436327372258899,0.19752728441999745,0.9177340682678513,0.0,0.22589866895803856,True
2007-03-01,1.1369144606386707,0.1958510030577324,0.9142486231317462,0.0,0.22266583750692448,True
2007-03-02,1.1138681956830347,0.19077223634293383,0.9013730690013135,0.0,0.21249512668172119,True
2007-03-05,1.1010260897688722,0.1884099628502412,0.8935818050983727,0.0,0.20744428467049952,True
2007-03-06,1.1263292034885892,0.19326774744181607,0.9086460954524148,0.0,0.21768310803617452,True
2007-03-07,1.1213799118397718,0.19172050220425238,0.9063883919800905,0.0,0.21499151985968132,True
2007-03-08,1.1325744868885943,0.19360743263989738,0.9132996482086445,0.0,0.21927483867994987,True
2007-03-09,1.1315657249789814,0.19314941424905824,0.9130044680149804,0.0,0.2185612569640012,True
2007-03-12,1.1393994780037455,0.1954860407909794,0.9166627851694847,0.0,0.2227366928342608,True
2007-03-13,1.1084898429253287,0.1891257741998611,0.8988458431893934,0.0,0.2096439997359352,True
2007-03-14,1.1275213087897138,0.19401049424388547,0.9087703424009088,0.0,0.21875096638880498,True
2007-03-15,1.1254570894792266,0.19292075964211258,0.908333052832293,0.0,0.21712403664693347,True
2007-03-16,1.1232358970233842,0.19276789855854765,0.9067120735686612,0.0,0.21652382345472299,True
2007-03-19,1.1399319336547178,0.19571113214776878,0.9168345643477577,0.0,0.22309736930696006,True
2007-03-20,1.150426873922957,0.19800500387789274,0.92263659629061,0.0,0.22779027763234713,True
2007-03-21,1.179977574108129,0.2041202957341387,0.9391202027215263,0.0,0.24085737138660288,True
2007-03-22,1.1752122095529365,0.20263901189878303,0.9370683686377439,0.0,0.23814384091519258,True
2007-03-23,1.1720483617703676,0.20116450641947797,0.9362738315750738,0.0,0.23577453019529376,True
2007-03-26,1.1761150850243254,0.20283015236625487,0.9375634831285906,0.0,0.2385516018957347,True
2007-03-27,1.1666033985568611,0.20009676115730243,0.9331698369505316,0.0,0.23343356160632953,True
2007-03-28,1.15063205520039,0.19627844481749449,0.9247877848485,0.0,0.22584427035189,True
2007-03-29,1.1523272592807576,0.19657522990645465,0.9258082633601679,0.0,0.22651899592058972,True
2007-03-30,1.1512727734585657,0.19612354732581028,0.9254810731882479,0.0,0.22579170027031786,True
2007-04-02,1.15326184120807,0.19650471835561464,0.9266404479112007,0.0,0.22662139329686937,True
2007-04-03,1.1730936399497665,0.20067273660080678,0.9376857289320453,0.0,0.23540791101772116,True
2007-04-04,1.1782969891707913,0.20213798819070156,0.9401184062886467,0.0,0.2381785828821446,True
2007-04-05,1.185340211800722,0.20383585681728789,0.9437253741083363,0.0,0.24161483769238565,True
2007-04-09,1.1829297710442603,0.2026451667083067,0.9432147703867771,0.0,0.23971500065748322,True
2007-04-10,1.1895368940453912,0.20455590326379208,0.9462101002183304,0.0,0.24332679382706074,True
2007-04-11,1.1748394587236484,0.2004838730264497,0.9393030938544336,0.0,0.2355363648692148,True
2007-04-12,1.186131039189888,0.20320086474204782,0.945108186329119,0.0,0.24102285286076905,True
2007-04-13,1.190592683942461,0.20357396669784525,0.9482190085508602,0.0,0.24237367539160076,True
2007-04-16,1.2060150151456177,0.20641564255036954,0.9570746508689414,0.0,0.24894036427667632,True
2007-04-17,1.2098923287530332,0.2070296943508482,0.9594086897338568,0.0,0.2504836390191764,True
2007-04-18,1.2062766607039648,0.20548713452183232,0.9584023262553425,0.0,0.24787433444862228,True
2007-04-19,1.209837270868732,0.20670094455400131,0.9597627642235299,0.0,0.25007450664520203,True
2007-04-20,1.221066458302695,0.20810988735491492,0.9669504552124563,0.0,0.25411600309023874,True
2007-04-23,1.221049791529368,0.20898053040299622,0.9658741584470929,0.0,0.2551756330822753,True
2007-04-24,1.227445145391827,0.2109522676403413,0.9685128085672927,0.0,0.2589323368245343,True
2007-04-25,1.2486069870096332,0.21558742075192908,0.9794230271473889,0.0,0.26918395986224425,True
2007-04-26,1.255765038293661,0.21759436699518875,0.9825176396914629,0.0,0.2732473986021981,True
2007-04-27,1.2558118369693498,0.2177689924443782,0.9823349585328108,0.0,0.27347687843653906,True
2007-04-30,1.234436495964341,0.2127355974519216,0.9718279104789104,0.0,0.2626085854854307,True
2007-05-01,1.2344566838085043,0.21208185481945535,0.9726508206121227,0.0,0.2618058631963815,True
2007-05-02,1.2510325323321327,0.21601424430077953,0.9807916852647165,0.0,0.2702408470674162,True
2007-05-03,1.2583330263336536,0.217024607565157,0.9852437951073161,0.0,0.27308923122633755,True
2007-05-04,1.2612052338265056,0.2169914100430117,0.9875345317848658,0.0,0.27367070204163974,True
2007-05-07,1.261182075300176,0.21689897954837317,0.9876329701428682,0.0,0.2735491051573077,True
2007-05-08,1.263224126248284,0.21784459558477928,0.9880375773327904,0.0,0.2751865489154936,True
2007-05-09,1.2672691056669494,0.21844677535569534,0.9904382560261084,0.0,0.27683084964084104,True
2007-05-10,1.2438514932983846,0.2133355739135855,0.9784937211123033,0.0,0.26535777218608125,True
2007-05-11,1.2643386931997962,0.21782827349412429,0.9889299785482673,0.0,0.2754087146515289,True
2007-05-14,1.2541012099260702,0.215002701669805,0.9844660616245939,0.0,0.2696351483014764,True
2007-05-15,1.2440313108793049,0.21160927927216672,0.9807827417921263,0.0,0.2632485690871785,True
2007-05-16,1.259766443570967,0.21499416263646612,0.9889240119179081,0.0,0.270842431653059,True
2007-05-17,1.2524917623365304,0.21308181565688633,0.9856085435225692,0.0,0.26688321881396126,True
2007-05-18,1.2672825782465167,0.21568388115395679,0.993950153251515,0.0,0.27333242499500165,True
2007-05-21,1.2753599478346231,0.21835274877262165,0.9968815975504258,0.0,0.2784783502841973,True
2007-05-22,1.2759774061635376,0.21870601621297814,0.9969134708837412,0.0,0.27906393527979645,True
2007-05-23,1.2696731794003735,0.21661064355188292,0.9946484549098933,0.0,0.2750247244904802,True
2007-05-24,1.2461284321202086,0.2111317356196072,0.9830311734417291,0.0,0.26309725867847955,True
2007-05-25,1.2561074411307116,0.2133087710908791,0.9881687065050108,0.0,0.26793873462570084,True
2007-05-29,1.2678395407095084,0.21615520899268006,0.9937894198182611,0.0,0.2740501208912473,True
2007-05-30,1.2824735890238033,0.21879834270551324,1.0018704931818037,0.0,0.28060309584199966,True
2007-05-31,1.2880888164571993,0.22079650802411843,1.0036833037585302,0.0,0.2844055126986692,True
2007-06-01,1.2913093684069876,0.22056727438513313,1.0064887806294707,0.0,0.284820587777517,True
2007-06-04,1.2952573942982646,0.22174607293707632,1.0080391536699143,0.0,0.2872182406283504,True
2007-06-05,1.2931352694733844,0.22201169896727344,1.0060441113030953,0.0,0.287091158170289,True
2007-06-06,1.272978060778581,0.2181759726082299,0.9952448342592758,0.0,0.2777332265193053,True
2007-06-07,1.2432370113618343,0.21290344804283115,0.9785475649084352,0.0,0.264689446453399,True
2007-06-08,1.2652732871629613,0.2168237614856945,0.9909319737329187,0.0,0.27434131343004253,True
2007-06-11,1.263477253076248,0.21578787474477562,0.9908341818465574,0.0,0.27264307122969056,True
2007-06-12,1.2501026885130988,0.2140894748981881,0.9824688603605163,0.0,0.2676338281525825,True
2007-06-13,1.2715215464347818,0.2173121131998365,0.9952045121999152,0.0,0.2763170342348665,True
2007-06-14,1.2833219671953642,0.21947796773479653,1.0016610698859045,0.0,0.28166089730945976,True
2007-06-15,1.2984801528677103,0.22283345191815782,1.0091353381569812,0.0,0.28934481471072915,True
2007-06-18,1.2980532869379697,0.2229535690600081,1.0086476737850745,0.0,0.28940561315289515,True
2007-06-19,1.2988952107280656,0.22257360719302402,1.0097954183105768,0.0,0.2890997924174886,True
2007-06-20,1.2788248363278016,0.21957883063822156,0.9980219741758278,0.0,0.28080286215197375,True
2007-06-21,1.293669034687181,0.22288406400724523,1.0053308227557722,0.0,0.2883382119314088,True
2007-06-22,1.2759231916354323,0.2194959899457831,0.99586316759263,0.0,0.28006002404280234,True
2007-06-25,1.2677604320348406,0.21800982703761684,0.9913761995217906,0.0,0.27638423251305,True
2007-06-26,1.2549468566878996,0.2163502088968534,0.9834388420890231,0.0,0.27150801459887663,True
2007-06-27,1.2819122146701185,0.2214777328212801,0.9979972036890745,0.0,0.283915010981044,True
2007-06-28,1.2811533404521644,0.22123212853883306,0.9977210599592958,0.0,0.2834322804928686,True
2007-06-29,1.2834657079133756,0.2218518318629546,0.9987264894795093,0.0,0.2847392184338662,True
2007-07-02,1.3000812809372946,0.22485437726531607,1.0077523141178448,0.0,0.2923289668194498,True
2007-07-03,1.3098255067565845,0.22698433205948773,1.012515638990961,0.0,0.29730986776562335,True
2007-07-05,1.3192888135652896,0.23015239266811624,1.0156513365029578,0.0,0.30363747706233174,True
2007-07-06,1.327652750359156,0.23141947232614288,1.0204080514386877,0.0,0.3072446989204682,True
2007-07-09,1.3287947609439834,0.23154292885977543,1.0211217301414883,0.0,0.30767303080249503,True
2007-07-10,1.3093637694145221,0.22896117051230175,1.0095703081429737,0.0,0.29979346127154854,True
2007-07-11,1.3223650255830623,0.2312372490341148,1.0165849748483082,0.0,0.30578005073475417,True
2007-07-12,1.3521596104438984,0.23646475654150415,1.0324215173550269,0.0,0.3197380930888715,True
2007-07-13,1.3636758909794935,0.2391876997719701,1.0375013913816167,0.0,0.3261744995978769,True
2007-07-16,1.3619611788490622,0.23866080921634816,1.0369144217836934,0.0,0.3250467570653687,True
2007-07-17,1.372932020929296,0.24206109438504025,1.0405985934268855,0.0,0.33233342750241035,True
2007-07-18,1.3700278014300777,0.24159524673886537,1.0390355967044729,0.0,0.33099220472560487,True
2007-07-19,1.3764179316979908,0.24252178412083286,1.0426065992066873,0.0,0.3338113324913034,True
2007-07-20,1.3628191026559078,0.24088843420682549,1.0345317429099752,0.0,0.3282873597459326,True
2007-07-23,1.3648535535268993,0.24070821878869808,1.0363220857500144,0.0,0.3285314677768849,True
2007-07-24,1.3334940984246741,0.23533290865360598,1.0196790535699776,0.0,0.3138150448546965,True
2007-07-25,1.3364554318583788,0.23570454110387185,1.0214468175864226,0.0,0.31500861427195603,True
2007-07-26,1.3118446425348258,0.23389452603007274,1.0050113616440526,0.0,0.3068332808907733,True
2007-07-27,1.2730666005732703,0.2262971638591904,0.9849752394596785,0.0,0.28809136111359185,True
2007-07-30,1.296475349054386,0.22989179782171013,0.9984263002287441,0.0,0.298049048825642,True
2007-07-31,1.2614443043574164,0.22127718753659004,0.982315456455157,0.0,0.2791288479022594,True
2007-08-01,1.2740556184290057,0.22410611542157058,0.9885319629518544,0.0,0.28552365547715125,True
2007-08-02,1.2902862324767832,0.22728655618412225,0.9970215182053495,0.0,0.2932647142714338,True
2007-08-03,1.2510904023560703,0.22091979270927578,0.9746997700070027,0.0,0.27639063234906747,True
2007-08-06,1.2744051583096634,0.22432838124362994,0.9885199120975248,0.0,0.28588524621213873,True
2007-08-07,1.2891324806305904,0.22638148266360178,0.9972967583156304,0.0,0.29183572231495997,True
2007-08-08,1.3110281796372023,0.2298267213667238,1.0097188714918,0.0,0.3013093081454024,True
2007-08-09,1.2633381620125534,0.2218417603246785,0.9830770002663447,0.0,0.28026116174620874,True
2007-08-10,1.248913784814526,0.21824229933278785,0.9763479687481892,0.0,0.2725658160663368,True
2007-08-13,1.2593893227553135,0.22072862794084552,0.9814060455001824,0.0,0.277983277255131,True
2007-08-14,1.2292288894590073,0.21450333889178388,0.9655551884078107,0.0,0.2636737010511966,True
2007-08-15,1.1982448020639376,0.20740586824498233,0.9497217985218297,0.0,0.24852300354210796,True
2007-08-16,1.1897571268682159,0.20266531883266634,0.948634619418032,0.0,0.24112250745018401,True
2007-08-17,1.2210458870926415,0.20861131445142245,0.9663218995807424,0.0,0.2547239875118991,True
2007-08-20,1.2266606708338226,0.2105531497308601,0.9683834029387914,0.0,0.25827726789503114,True
2007-08-21,1.2408019961208525,0.2146586105915322,0.9744531636143506,0.0,0.26634883250650193,True
2007-08-22,1.263998056699406,0.21924933048950035,0.9868673290280319,0.0,0.27713072767137426,True
2007-08-23,1.2598461526608382,0.21809197149465925,0.9850838214470746,0.0,0.27476233121376364,True
2007-08-24,1.284385057946742,0.22288783718978689,0.9981112502621134,0.0,0.2862738076846284,True
2007-08-27,1.2706075871743583,0.22072294026523862,0.9901553446099135,0.0,0.28045224256444484,True
2007-08-28,1.227791813160611,0.21201152599518105,0.9674857972480396,0.0,0.26030601591257135,True
2007-08-29,1.2734422999282786,0.22191518818419625,0.9908461122979789,0.0,0.28259618763029964,True
2007-08-30,1.2790047182798183,0.22431617698123102,0.9921032695343331,0.0,0.28690144874548523,True
2007-08-31,1.29894110927702,0.22819163145289711,1.0025336183898608,0.0,0.2964074908871591,True
2007-09-04,1.3269272221184731,0.23439470618028146,1.0159025057673965,0.0,0.3110247163510766,True
2007-09-05,1.3079035334643798,0.23052817704803905,1.0063949161401475,0.0,0.3015086173242324,True
2007-09-06,1.3077954987444715,0.2298921764517578,1.007143545184293,0.0,0.30065195356017865,True
2007-09-07,1.2746487670179216,0.22267632159765516,0.9908146682493844,0.0,0.2838340987685373,True
2007-09-10,1.2727542443149091,0.22250746076846611,0.9895569292301108,0.0,0.2831973150847984,True
2007-09-11,1.29877512050926,0.22787269598265197,1.0028197323236212,0.0,0.29595538818563877,True
2007-09-12,1.300239066032113,0.22766957235249818,1.0042141939125702,0.0,0.2960248721195428,True
2007-09-13,1.3104752863298694,0.22912835691680444,1.0102082371930277,0.0,0.3002670491368418,True
2007-09-14,1.3114708348841952,0.22942637891945908,1.0105848301782345,0.0,0.3008860047059607,True
2007-09-17,1.2969115467680044,0.22611452873310267,1.0036610035620377,0.0,0.29325054320596655,True
2007-09-18,1.3463905674715766,0.23418900229526302,1.031080703775655,0.0,0.3153098636959215,True
2007-09-19,1.353113044287874,0.23475490045975622,1.0354631262652765,0.0,0.31764991802259757,True
2007-09-20,1.3452492619022287,0.23406554628103887,1.0303727585309193,0.0,0.3148765033713095,True
2007-09-21,1.356920110529747,0.23692578509756848,1.0354307480278073,0.0,0.3214893625019397,True
2007-09-24,1.362619458156489,0.23908228004955123,1.0368412912605516,0.0,0.32577816689593747,True
2007-09-25,1.3756672780156904,0.24346924619077412,1.040734602827896,0.0,0.33493267518779424,True
2007-09-26,1.3857640320762972,0.24515869022862108,1.0460319370065392,0.0,0.3397320950697579,True
2007-09-27,1.3965500368751176,0.246876342950797,1.051774871023588,0.0,0.34477516585152973,True
2007-09-28,1.3895299965785515,0.24557989297499513,1.0482893687332455,0.0,0.341240627845306,True
2007-10-01,1.4130765659173736,0.24971271599505193,1.060213378733185,0.0,0.3528631871841884,True
2007-10-02,1.4125283818907823,0.24986011195770647,1.0595938822481135,0.0,0.3529344996426688,True
2007-10-03,1.4003346942160928,0.24670792180373644,1.0548610319763698,0.0,0.345473662239723,True
2007-10-04,1.4046610475022732,0.24757004864647392,1.0569090436403283,0.0,0.34775200386194477,True
2007-10-05,1.4426869259349253,0.25562059722899044,1.0739064323129834,0.0,0.3687804936219419,True
2007-10-08,1.4499556390392483,0.25901086405936,1.074401376123951,0.0,0.3755542629152972,True
2007-10-09,1.4620727313077648,0.2601012477061043,1.0817857896575434,0.0,0.3802869416502215,True
2007-10-10,1.4651239535533502,0.26135673784568,1.082203936513081,0.0,0.3829200170402691,True
2007-10-11,1.4355344194935746,0.25392890860577727,1.0710107310855432,0.0,0.36452368840803145,True
2007-10-12,1.465267484389438,0.2610085513476237,1.082820140952174,0.0,0.382447343437264,True
2007-10-15,1.4476088247340795,0.25801636888298224,1.074102052213231,0.0,0.37350677252084863,True
2007-10-16,1.4353981818626138,0.2564342088507591,1.0673129847108564,0.0,0.3680851971517574,True
2007-10-17,1.4579568622230297,0.26211258145009797,1.0758080254228666,0.0,0.38214883680016315,True
2007-10-18,1.4631005119491962,0.26446266257852796,1.0761650549391044,0.0,0.3869354570100918,True
2007-10-19,1.4065544914995898,0.2544306700518786,1.0486838897628699,0.0,0.35787060173672,True
2007-10-22,1.4286650463760489,0.2594269114033693,1.0580308859647591,0.0,0.3706341604112897,True
2007-10-23,1.4671342933111624,0.2683812137470054,1.0733830109424576,0.0,0.3937512823687048,True
2007-10-24,1.4530015685821152,0.26474156902340995,1.0683316535222103,0.0,0.38466991505990494,True
2007-10-25,1.4315216856415243,0.2578190176140548,1.0624481709562108,0.0,0.3690735146853135,True
2007-10-26,1.4647899442981054,0.2644079294067321,1.077487868110441,0.0,0.38730207618766443,True
2007-10-29,1.4733703651426424,0.2659862404304459,1.0814741209567176,0.0,0.3918962441859247,True
2007-10-30,1.4729559833760828,0.26758271301637443,1.0788184251906088,0.0,0.39413755818547397,True
2007-10-31,1.5028477626868453,0.27332823869032885,1.0920770306919485,0.0,0.4107707319948967,True
2007-11-01,1.4566302776313251,0.2660629349760019,1.0690749507898263,0.0,0.38755532684149885,True
2007-11-02,1.4702980851354872,0.2696486532805985,1.0738341865576604,0.0,0.3964638985778269,True
2007-11-05,1.4549721919830787,0.2671355804289719,1.0662973509696654,0.0,0.38867484101341326,True
2007-11-06,1.481179224529246,0.2711959600600714,1.0794894027120052,0.0,0.40168982181724094,True
2007-11-07,1.4238396288975204,0.26143654918350157,1.0515959097278351,0.0,0.3722437191696852,True
2007-11-08,1.3711745094616552,0.24665770862015346,1.0329637468394803,0.0,0.3382107626221748,True
2007-11-09,1.3127716278555852,0.23170064647274324,1.0086015930103707,0.0,0.3041700348452146,True
2007-11-12,1.271683707613542,0.2208841269493573,0.9907889621016032,0.0,0.280894745511939,True
2007-11-13,1.341881527142309,0.23516159495948813,1.02632252697285,0.0,0.31555900016945904,True
2007-11-14,1.3216545285464716,0.229505231006118,1.0183279006621317,0.0,0.30332662788433995,True
2007-11-15,1.306562940807765,0.22832714393293188,1.0082391561645156,0.0,0.2983237846432493,True
2007-11-16,1.320247497651939,0.23214446338437522,1.0137593507749654,0.0,0.30648814687697357,True
2007-11-19,1.2966361402188915,0.22811428128927694,1.000854918999157,0.0,0.29578122121973455,True
2007-11-20,1.305188894784107,0.2292827096793628,1.0059316483445941,0.0,0.2992572464395128,True
2007-11-21,1.2782415670036609,0.22573933907999658,0.9896921604836754,0.0,0.28854940651998556,True
2007-11-23,1.301329462558943,0.2288133189196219,1.0035679492229435,0.0,0.2977615133359996,True
2007-11-26,1.266092936284661,0.2229336430024852,0.983838225619008,0.0,0.28225471066565283,True
2007-11-27,1.298442962622728,0.23035950552152723,0.9993342838050495,0.0,0.2991086788176785,True
2007-11-28,1.356836329198069,0.24049919047346693,1.030518290420943,0.0,0.32631803877712606,True
2007-11-29,1.363298669769064,0.24235619403861797,1.0328947928259231,0.0,0.33040387694314105,True
2007-11-30,1.3570164295534388,0.23789227696957,1.0341927012418553,0.0,0.3228237283115836,True
2007-12-03,1.3410600572317404,0.23459765063212687,1.0264505184485886,0.0,0.3146095387831519,True
2007-12-04,1.3303620745603293,0.2334833639964777,1.0197446620586508,0.0,0.31061741250167857,True
2007-12-05,1.364694776680232,0.23980299917722062,1.037436876270825,0.0,0.32725790040940694,True
2007-12-06,1.3935472241550078,0.24487424742296163,1.052303396391693,0.0,0.34124382776331474,True
2007-12-07,1.3936325571936616,0.2449235443773628,1.0522991317261023,0.0,0.3413334254675594,True
2007-12-10,1.4038288621954194,0.24599779777439787,1.0584900536432076,0.0,0.34533880855221183,True
2007-12-11,1.3528682321499825,0.23740628980238287,1.0316888045637465,0.0,0.32117942758623613,True
2007-12-12,1.3711269121392102,0.24047540128349776,1.0414046177319305,0.0,0.32972229440727974,True
2007-12-13,1.3617863570544175,0.23812682569562926,1.0375084945734343,0.0,0.3242778624809832,True
2007-12-14,1.3397630699534253,0.23449754442543064,1.0255919199374706,0.0,0.3141711500159547,True
2007-12-17,1.2969461386845136,0.22448644318884506,1.0057993130037206,0.0,0.29114682568079303,True
2007-12-18,1.3040929352880246,0.2253425828011289,1.0102252650375156,0.0,0.2938676702505089,True
2007-12-19,1.3037296701452974,0.22520410764378082,1.010124393171505,0.0,0.2936052769737924,True
2007-12-20,1.335168696877521,0.23332723302104436,1.0236374792187755,0.0,0.3115312176587455,True
2007-12-21,1.3709846410764528,0.24061038891422507,1.0411114933916183,0.0,0.32987314768483456,True
2007-12-24,1.3861027196168796,0.24327930230230926,1.0488926170691517,0.0,0.3372101025477279,True
2007-12-26,1.394763144921394,0.245300208763938,1.0526274542959293,0.0,0.3421356906254646,True
2007-12-27,1.369406545481688,0.24076949562399338,1.0396952222218667,0.0,0.32971132325982117,True
2007-12-28,1.3665455948593073,0.24049982683332402,1.037891615935802,0.0,0.3286539789235052,True
2007-12-31,1.345176909970871,0.23575621511951897,1.0280430930099684,0.0,0.3171338169609025,True
2008-01-02,1.317400337346737,0.229228967694078,1.0154140179769142,0.0,0.3019863193698226,True
2008-01-03,1.3229478932836933,0.23104760283903691,1.017283953859542,0.0,0.3056639394241514,True
2008-01-04,1.2478631141069696,0.21264461570367182,0.9825117417569058,0.0,0.26535137235006373,True
2008-01-07,1.2412429997478962,0.21066231887048043,0.9797598711392531,0.0,0.261483128608643,True
2008-01-08,1.2001806847755156,0.20083927930179865,0.9591372610132618,0.0,0.24104342376225377,True
2008-01-09,1.230777840432871,0.2083066910715058,0.974398581048166,0.0,0.2563792593847051,True
2008-01-10,1.2357243269644254,0.20831592908305052,0.9783032657023039,0.0,0.25742106126212155,True
2008-01-11,1.2069902925830518,0.20067688395922173,0.9647752416984556,0.0,0.24221505088459616,True
2008-01-14,1.231874817843169,0.20684169163060892,0.9770717466433397,0.0,0.2548030711998293,True
2008-01-15,1.186491211541326,0.1969207642856344,0.9528464553464197,0.0,0.23364475619490624,True
2008-01-16,1.1696690958622007,0.19325390676664175,0.9436259734626248,0.0,0.22604312239957589,True
2008-01-17,1.1413904842020342,0.1897242230385216,0.9248410614032413,0.0,0.21654942279879288,True
2008-01-18,1.1351099792032868,0.18996207447988564,0.9194821327910107,0.0,0.2156278464122762,True
2008-01-22,1.1018421640628562,0.18050305377423423,0.9029562886722999,0.0,0.19888587539055635,True
2008-01-23,1.1086063790223526,0.17728801210687306,0.912063757876481,0.0,0.19654262114587157,True
2008-01-24,1.133790350676768,0.18394141301863548,0.9252393515063889,0.0,0.20855099917037892,True
2008-01-25,1.1047628173709036,0.17712690137475565,0.9090796027759505,0.0,0.19568321459495322,True
2008-01-28,1.120281352315061,0.1786803306298131,0.9201091098849918,0.0,0.20017224243006923,True
2008-01-29,1.1244258232064663,0.17894216157945578,0.9232186358661422,0.0,0.20120718734032408,True
2008-01-30,1.1200216691760017,0.17911725105845477,0.9194064666672942,0.0,0.20061520250870746,True
2008-01-31,1.1465441312899938,0.183927500788495,0.935663134678109,0.0,0.21088099661188467,True
2008-02-01,1.1652378211494399,0.18646830237001694,0.9479579027823664,0.0,0.21727991836707347,True
2008-02-04,1.1434045794389862,0.1819801651275832,0.9353276252650448,0.0,0.20807695417394154,True
2008-02-05,1.0997403153612257,0.1729964088358958,0.9094891901516783,0.0,0.19025112520954757,True
2008-02-06,1.0758395422073481,0.16635129406124277,0.8968722421589007,0.0,0.17896730004844738,True
2008-02-07,1.0856680659505433,0.16827190467210457,0.9029806326513653,0.0,0.18268743329917797,True
2008-02-08,1.0940864114176825,0.17263067417621428,0.905213536607613,0.0,0.18887287481006948,True
2008-02-11,1.1073399907882622,0.17603887923643732,0.9124050998762095,0.0,0.19493489091205252,True
2008-02-12,1.1056157430172564,0.17326909055691123,0.9140467087192528,0.0,0.1915690342980037,True
2008-02-13,1.1326396451104657,0.0,1.1326396451104657,0.0,0.0,False
2008-02-14,1.1174128517994388,0.0,1.1174128517994388,0.0,0.0,False
2008-02-15,1.1153827501466949,0.0,1.1153827501466949,0.0,0.0,False
2008-02-19,1.1159329565163467,0.0,1.1159329565163467,0.0,0.0,False
2008-02-20,1.1201310885771982,0.0,1.1201310885771982,0.0,0.0,False
2008-02-21,1.1101211904003032,0.0,1.1101211904003032,0.0,0.0,False
2008-02-22,1.1155799989203343,0.0,1.1155799989203343,0.0,0.0,False
2008-02-25,1.1254225287034536,0.0,1.1254225287034536,0.0,0.0,False
2008-02-26,1.1318219995156715,0.0,1.1318219995156715,0.0,0.0,False
2008-02-27,1.134073978116621,0.0,1.134073978116621,0.0,0.0,False
2008-02-28,1.1263598079642934,0.0,1.1263598079642934,0.0,0.0,False
2008-02-29,1.098874907412197,0.0,1.098874907412197,0.0,0.0,False
2008-03-03,1.0939793777973241,0.0,1.0939793777973241,0.0,0.0,False
2008-03-04,1.0949661528742296,0.0,1.0949661528742296,0.0,0.0,False
2008-03-05,1.101103935781595,0.0,1.101103935781595,0.0,0.0,False
2008-03-06,1.077578859190169,0.0,1.077578859190169,0.0,0.0,False
2008-03-07,1.0707509885487285,0.0,1.0707509885487285,0.0,0.0,False
2008-03-10,1.0533854424192886,0.0,1.0533854424192886,0.0,0.0,False
2008-03-11,1.0923547906331215,0.0,1.0923547906331215,0.0,0.0,False
2008-03-12,1.0857171716584546,0.0,1.0857171716584546,0.0,0.0,False
2008-03-13,1.091109900766685,0.0,1.091109900766685,0.0,0.0,False
2008-03-14,1.0726423788423112,0.0,1.0726423788423112,0.0,0.0,False
2008-03-17,1.0574474694117526,0.0,1.0574474694117526,0.0,0.0,False
2008-03-18,1.1029935219324374,0.0,1.1029935219324374,0.0,0.0,False
2008-03-19,1.0757139268667326,0.0,1.0757139268667326,0.0,0.0,False
2008-03-20,1.0966687590765911,0.0,1.0966687590765911,0.0,0.0,False
2008-03-24,1.12658981937691,0.0,1.12658981937691,0.0,0.0,False
2008-03-25,1.1302920065379125,0.0,1.1302920065379125,0.0,0.0,False
2008-03-26,1.1217382698562617,0.0,1.1217382698562617,0.0,0.0,False
2008-03-27,1.1075476114313743,0.0,1.1075476114313743,0.0,0.0,False
2008-03-28,1.0994636680061942,0.0,1.0994636680061942,0.0,0.0,False
2008-03-31,1.1042941148057221,0.0,1.1042941148057221,0.0,0.0,False
2008-04-01,1.1473238503604808,0.0,1.1473238503604808,0.0,0.0,False
2008-04-02,1.1464432803635176,0.0,1.1464432803635176,0.0,0.0,False
2008-04-03,1.149129249988165,0.0,1.149129249988165,0.0,0.0,False
2008-04-04,1.151902833914909,0.0,1.151902833914909,0.0,0.0,False
2008-04-07,1.1509417634500019,0.0,1.1509417634500019,0.0,0.0,False
2008-04-08,1.1459521373342285,0.0,1.1459521373342285,0.0,0.0,False
2008-04-09,1.1353708120657777,0.0,1.1353708120657777,0.0,0.0,False
2008-04-10,1.144257112036418,0.0,1.144257112036418,0.0,0.0,False
2008-04-11,1.1173226680950121,0.0,1.1173226680950121,0.0,0.0,False
2008-04-14,1.112914577113303,0.0,1.112914577113303,0.0,0.0,False
2008-04-15,1.1149695726537494,0.0,1.1149695726537494,0.0,0.0,False
2008-04-16,1.145609059149809,0.0,1.145609059149809,0.0,0.0,False
2008-04-17,1.145183678427633,0.0,1.145183678427633,0.0,0.0,False
2008-04-18,1.169371757698583,0.0,1.169371757698583,0.0,0.0,False
2008-04-21,1.1737981185319204,0.0,1.1737981185319204,0.0,0.0,False
2008-04-22,1.162480500893629,0.0,1.162480500893629,0.0,0.0,False
2008-04-23,1.1679502433810964,0.0,1.1679502433810964,0.0,0.0,False
2008-04-24,1.1757298219528687,0.0,1.1757298219528687,0.0,0.0,False
2008-04-25,1.179677458153557,0.0,1.179677458153557,0.0,0.0,False
2008-04-28,1.1809300980750799,0.0,1.1809300980750799,0.0,0.0,False
2008-04-29,1.1831037597006115,0.0,1.1831037597006115,0.0,0.0,False
2008-04-30,1.1747695197305805,0.0,1.1747695197305805,0.0,0.0,False
2008-05-01,1.2054586111785723,0.0,1.2054586111785723,0.0,0.0,False
2008-05-02,1.2079902989615046,0.0,1.2079902989615046,0.0,0.0,False
2008-05-05,1.203354312232694,0.0,1.203354312232694,0.0,0.0,False
2008-05-06,1.2122786323376007,0.0,1.2122786323376007,0.0,0.0,False
2008-05-07,1.190457521115089,0.0,1.190457521115089,0.0,0.0,False
2008-05-08,1.193381966500168,0.0,1.193381966500168,0.0,0.0,False
2008-05-09,1.1899244366295147,0.0,1.1899244366295147,0.0,0.0,False
2008-05-12,1.2074670462317496,0.0,1.2074670462317496,0.0,0.0,False
2008-05-13,1.209152046852825,0.0,1.209152046852825,0.0,0.0,False
2008-05-14,1.2090488243204436,0.0,1.2090488243204436,0.0,0.0,False
2008-05-15,1.2271932526092724,0.0,1.2271932526092724,0.0,0.0,False
2008-05-16,1.2282440453439096,0.0,1.2282440453439096,0.0,0.0,False
2008-05-19,1.225501993452255,0.0,1.225501993452255,0.0,0.0,False
2008-05-20,1.2158434095475785,0.0,1.2158434095475785,0.0,0.0,False
2008-05-21,1.1921117725242092,0.0,1.1921117725242092,0.0,0.0,False
2008-05-22,1.1943005005258713,0.0,1.1943005005258713,0.0,0.0,False
2008-05-23,1.1844438052030082,0.0,1.1844438052030082,0.0,0.0,False
2008-05-27,1.1992760078227196,0.0,1.1992760078227196,0.0,0.0,False
2008-05-28,1.2044884707632344,0.0,1.2044884707632344,0.0,0.0,False
2008-05-29,1.2128952990173218,0.0,1.2128952990173218,0.0,0.0,False
2008-05-30,1.218317322949246,0.0,1.218317322949246,0.0,0.0,False
2008-06-02,1.2045932464571742,0.0,1.2045932464571742,0.0,0.0,False
2008-06-03,1.197788988074841,0.0,1.197788988074841,0.0,0.0,False
2008-06-04,1.2051652268816757,0.0,1.2051652268816757,0.0,0.0,False
2008-06-05,1.2267819063208947,0.0,1.2267819063208947,0.0,0.0,False
2008-06-06,1.1887745692372895,0.0,1.1887745692372895,0.0,0.0,False
2008-06-09,1.1870612792683313,0.0,1.1870612792683313,0.0,0.0,False
2008-06-10,1.1813086534275452,0.0,1.1813086534275452,0.0,0.0,False
2008-06-11,1.1583811994092512,0.0,1.1583811994092512,0.0,0.0,False
2008-06-12,1.1611982841951842,0.0,1.1611982841951842,0.0,0.0,False
2008-06-13,1.1801709914844454,0.0,1.1801709914844454,0.0,0.0,False
2008-06-16,1.1857632944254395,0.0,1.1857632944254395,0.0,0.0,False
2008-06-17,1.1797324044016124,0.0,1.1797324044016124,0.0,0.0,False
2008-06-18,1.167669530458165,0.0,1.167669530458165,0.0,0.0,False
2008-06-19,1.1775273901930985,0.0,1.1775273901930985,0.0,0.0,False
2008-06-20,1.1520728077194458,0.0,1.1520728077194458,0.0,0.0,False
2008-06-23,1.1470090951550602,0.0,1.1470090951550602,0.0,0.0,False
2008-06-24,1.1429494376028233,0.0,1.1429494376028233,0.0,0.0,False
2008-06-25,1.1549284233804464,0.0,1.1549284233804464,0.0,0.0,False
2008-06-26,1.1159371304304897,0.0,1.1159371304304897,0.0,0.0,False
2008-06-27,1.112891044579093,0.0,1.112891044579093,0.0,0.0,False
2008-06-30,1.109003646142211,0.0,1.109003646142211,0.0,0.0,False
2008-07-01,1.1185931787296528,0.0,1.1185931787296528,0.0,0.0,False
2008-07-02,1.0955789070435695,0.0,1.0955789070435695,0.0,0.0,False
2008-07-03,1.0951632232055195,0.0,1.0951632232055195,0.0,0.0,False
2008-07-07,1.0928832713236498,0.0,1.0928832713236498,0.0,0.0,False
2008-07-08,1.1156089503768671,0.0,1.1156089503768671,0.0,0.0,False
2008-07-09,1.0900648456362325,0.0,1.0900648456362325,0.0,0.0,False
2008-07-10,1.0987472453375382,0.0,1.0987472453375382,0.0,0.0,False
2008-07-11,1.0836101785111207,0.0,1.0836101785111207,0.0,0.0,False
2008-07-14,1.0746979149008669,0.0,1.0746979149008669,0.0,0.0,False
2008-07-15,1.067243995679497,0.0,1.067243995679497,0.0,0.0,False
2008-07-16,1.093611562264652,0.0,1.093611562264652,0.0,0.0,False
2008-07-17,1.102699377847182,0.0,1.102699377847182,0.0,0.0,False
2008-07-18,1.0934500565430725,0.0,1.0934500565430725,0.0,0.0,False
2008-07-21,1.0960830775725636,0.0,1.0960830775725636,0.0,0.0,False
2008-07-22,1.1023006627518754,0.0,1.1023006627518754,0.0,0.0,False
2008-07-23,1.112545557867084,0.0,1.112545557867084,0.0,0.0,False
2008-07-24,1.092663105438329,0.0,1.092663105438329,0.0,0.0,False
2008-07-25,1.0996236516192894,0.0,1.0996236516192894,0.0,0.0,False
2008-07-28,1.0812374880658007,0.0,1.0812374880658007,0.0,0.0,False
2008-07-29,1.1039781854136195,0.0,1.1039781854136195,0.0,0.0,False
2008-07-30,1.1166134198980981,0.0,1.1166134198980981,0.0,0.0,False
2008-07-31,1.107881373131005,0.0,1.107881373131005,0.0,0.0,False
2008-08-01,1.097887922342494,0.0,1.097887922342494,0.0,0.0,False
2008-08-04,1.0872923537184749,0.0,1.0872923537184749,0.0,0.0,False
2008-08-05,1.1203044059403584,0.0,1.1203044059403584,0.0,0.0,False
2008-08-06,1.131328760122351,0.0,1.131328760122351,0.0,0.0,False
2008-08-07,1.118538200007392,0.0,1.118538200007392,0.0,0.0,False
2008-08-08,1.1416212755745294,0.0,1.1416212755745294,0.0,0.0,False
2008-08-11,1.1527207721611747,0.0,1.1527207721611747,0.0,0.0,False
2008-08-12,1.1473272172194868,0.0,1.1473272172194868,0.0,0.0,False
2008-08-13,1.1426681408505812,0.0,1.1426681408505812,0.0,0.0,False
2008-08-14,1.1535660952134492,0.0,1.1535660952134492,0.0,0.0,False
2008-08-15,1.1552951379000334,0.0,1.1552951379000334,0.0,0.0,False
2008-08-18,1.1406794504863211,0.0,1.1406794504863211,0.0,0.0,False
2008-08-19,1.1273910933092546,0.0,1.1273910933092546,0.0,0.0,False
2008-08-20,1.1309691937749244,0.0,1.1309691937749244,0.0,0.0,False
2008-08-21,1.1293021888191286,0.0,1.1293021888191286,0.0,0.0,False
2008-08-22,1.1449455846118946,0.0,1.1449455846118946,0.0,0.0,False
2008-08-25,1.1212779839077744,0.0,1.1212779839077744,0.0,0.0,False
2008-08-26,1.1221874129469838,0.0,1.1221874129469838,0.0,0.0,False
2008-08-27,1.1312747874268034,0.0,1.1312747874268034,0.0,0.0,False
2008-08-28,1.1427342406639083,0.0,1.1427342406639083,0.0,0.0,False
2008-08-29,1.1245829041404598,0.0,1.1245829041404598,0.0,0.0,False
2008-09-02,1.1141408890230344,0.0,1.1141408890230344,0.0,0.0,False
2008-09-03,1.1084031468876836,0.0,1.1084031468876836,0.0,0.0,False
2008-09-04,1.0737854320202782,0.0,1.0737854320202782,0.0,0.0,False
2008-09-05,1.0728912671907123,0.0,1.0728912671907123,0.0,0.0,False
2008-09-08,1.0829840013438734,0.0,1.0829840013438734,0.0,0.0,False
2008-09-09,1.0554220755781816,0.0,1.0554220755781816,0.0,0.0,False
2008-09-10,1.061914437798789,0.0,1.061914437798789,0.0,0.0,False
2008-09-11,1.079520744956551,0.0,1.079520744956551,0.0,0.0,False
2008-09-12,1.0799108133175344,0.0,1.0799108133175344,0.0,0.0,False
2008-09-15,1.037432696360741,0.0,1.037432696360741,0.0,0.0,False
2008-09-16,1.050182219691787,0.0,1.050182219691787,0.0,0.0,False
2008-09-17,0.9993335442143004,0.0,0.9993335442143004,0.0,0.0,False
2008-09-18,1.0310594544339886,0.0,1.0310594544339886,0.0,0.0,False
2008-09-19,1.0683859904135613,0.0,1.0683859904135613,0.0,0.0,False
2008-09-22,1.0311390518816237,0.0,1.0311390518816237,0.0,0.0,False
2008-09-23,1.0154991532442301,0.0,1.0154991532442301,0.0,0.0,False
2008-09-24,1.0206311802023689,0.0,1.0206311802023689,0.0,0.0,False
2008-09-25,1.0367323357503624,0.0,1.0367323357503624,0.0,0.0,False
2008-09-26,1.031743567510707,0.0,1.031743567510707,0.0,0.0,False
2008-09-29,0.950380766754133,0.0,0.950380766754133,0.0,0.0,False
2008-09-30,0.9837440952078794,0.0,0.9837440952078794,0.0,0.0,False
2008-10-01,0.9788581866890905,0.0,0.9788581866890905,0.0,0.0,False
2008-10-02,0.93885774902822,0.0,0.93885774902822,0.0,0.0,False
2008-10-03,0.925239318008215,0.0,0.925239318008215,0.0,0.0,False
2008-10-06,0.8847982223968864,0.0,0.8847982223968864,0.0,0.0,False
2008-10-07,0.8369381580773346,0.0,0.8369381580773346,0.0,0.0,False
2008-10-08,0.8230638094286735,0.0,0.8230638094286735,0.0,0.0,False
2008-10-09,0.7832687438870505,0.0,0.7832687438870505,0.0,0.0,False
2008-10-10,0.7712844116715474,0.0,0.7712844116715474,0.0,0.0,False
2008-10-13,0.8741913368815168,0.0,0.8741913368815168,0.0,0.0,False
2008-10-14,0.8488098425471636,0.0,0.8488098425471636,0.0,0.0,False
2008-10-15,0.769020006788942,0.0,0.769020006788942,0.0,0.0,False
2008-10-16,0.8058968252482218,0.0,0.8058968252482218,0.0,0.0,False
2008-10-17,0.8039900501623594,0.0,0.8039900501623594,0.0,0.0,False
2008-10-20,0.8393426866902873,0.0,0.8393426866902873,0.0,0.0,False
2008-10-21,0.8050712524810244,0.0,0.8050712524810244,0.0,0.0,False
2008-10-22,0.7720266189919675,0.0,0.7720266189919675,0.0,0.0,False
2008-10-23,0.7749851663892114,0.0,0.7749851663892114,0.0,0.0,False
2008-10-24,0.7428789832775742,0.0,0.7428789832775742,0.0,0.0,False
2008-10-27,0.7193712989526542,0.0,0.7193712989526542,0.0,0.0,False
2008-10-28,0.8011447081042334,0.0,0.8011447081042334,0.0,0.0,False
2008-10-29,0.7972338212593102,0.0,0.7972338212593102,0.0,0.0,False
2008-10-30,0.8243188919116985,0.0,0.8243188919116985,0.0,0.0,False
2008-10-31,0.8272146868682257,0.0,0.8272146868682257,0.0,0.0,False
2008-11-03,0.8275306974790607,0.0,0.8275306974790607,0.0,0.0,False
2008-11-04,0.8533160437198776,0.0,0.8533160437198776,0.0,0.0,False
2008-11-05,0.813134910650343,0.0,0.813134910650343,0.0,0.0,False
2008-11-06,0.7724323500546005,0.0,0.7724323500546005,0.0,0.0,False
2008-11-07,0.7931463456005644,0.0,0.7931463456005644,0.0,0.0,False
2008-11-10,0.7826089021467084,0.0,0.7826089021467084,0.0,0.0,False
2008-11-11,0.7620070707943176,0.0,0.7620070707943176,0.0,0.0,False
2008-11-12,0.72764781830511,0.0,0.72764781830511,0.0,0.0,False
2008-11-13,0.7725054392786571,0.0,0.7725054392786571,0.0,0.0,False
2008-11-14,0.7344610886524671,0.0,0.7344610886524671,0.0,0.0,False
2008-11-17,0.7218556409065673,0.0,0.7218556409065673,0.0,0.0,False
2008-11-18,0.7282730832618871,0.0,0.7282730832618871,0.0,0.0,False
2008-11-19,0.6859230025434495,0.0,0.6859230025434495,0.0,0.0,False
2008-11-20,0.6438650338496992,0.0,0.6438650338496992,0.0,0.0,False
2008-11-21,0.6752115219442162,0.0,0.6752115219442162,0.0,0.0,False
2008-11-24,0.7192382783711906,0.0,0.7192382783711906,0.0,0.0,False
2008-11-25,0.7202508120389702,0.0,0.7202508120389702,0.0,0.0,False
2008-11-26,0.7492514621624444,0.0,0.7492514621624444,0.0,0.0,False
2008-11-28,0.7510317761616833,0.0,0.7510317761616833,0.0,0.0,False
2008-12-01,0.6895282756940713,0.0,0.6895282756940713,0.0,0.0,False
2008-12-02,0.7143183506321078,0.0,0.7143183506321078,0.0,0.0,False
2008-12-03,0.7330436227799915,0.0,0.7330436227799915,0.0,0.0,False
2008-12-04,0.7141914867514402,0.0,0.7141914867514402,0.0,0.0,False
2008-12-05,0.7397114328356796,0.0,0.7397114328356796,0.0,0.0,False
2008-12-08,0.7671937398685426,0.0,0.7671937398685426,0.0,0.0,False
2008-12-09,0.7599782016304274,0.0,0.7599782016304274,0.0,0.0,False
2008-12-10,0.7613018263520229,0.0,0.7613018263520229,0.0,0.0,False
2008-12-11,0.7416992666137806,0.0,0.7416992666137806,0.0,0.0,False
2008-12-12,0.7536489370672673,0.0,0.7536489370672673,0.0,0.0,False
2008-12-15,0.7417960506746712,0.0,0.7417960506746712,0.0,0.0,False
2008-12-16,0.777059704185295,0.0,0.777059704185295,0.0,0.0,False
2008-12-17,0.7685921061433514,0.0,0.7685921061433514,0.0,0.0,False
2008-12-18,0.754665778888189,0.0,0.754665778888189,0.0,0.0,False
2008-12-19,0.7561387005960131,0.0,0.7561387005960131,0.0,0.0,False
2008-12-22,0.7430642840413131,0.0,0.7430642840413131,0.0,0.0,False
2008-12-23,0.7373156958878243,0.0,0.7373156958878243,0.0,0.0,False
2008-12-24,0.7404697885262023,0.0,0.7404697885262023,0.0,0.0,False
2008-12-26,0.7424789282671002,0.0,0.7424789282671002,0.0,0.0,False
2008-12-29,0.738355575092838,0.0,0.738355575092838,0.0,0.0,False
2008-12-30,0.7547732014754754,0.0,0.7547732014754754,0.0,0.0,False
2008-12-31,0.7633592342209587,0.0,0.7633592342209587,0.0,0.0,False
2009-01-02,0.7914197442633543,0.0,0.7914197442633543,0.0,0.0,False
2009-01-05,0.7908238750910367,0.0,0.7908238750910367,0.0,0.0,False
2009-01-06,0.7974157987275735,0.0,0.7974157987275735,0.0,0.0,False
2009-01-07,0.7741457395470982,0.0,0.7741457395470982,0.0,0.0,False
2009-01-08,0.7797945222351748,0.0,0.7797945222351748,0.0,0.0,False
2009-01-09,0.7626972214349959,0.0,0.7626972214349959,0.0,0.0,False
2009-01-12,0.7465617523808511,0.0,0.7465617523808511,0.0,0.0,False
2009-01-13,0.7473751867023516,0.0,0.7473751867023516,0.0,0.0,False
2009-01-14,0.7242321122982642,0.0,0.7242321122982642,0.0,0.0,False
2009-01-15,0.7303051882938206,0.0,0.7303051882938206,0.0,0.0,False
2009-01-16,0.7371761488748271,0.0,0.7371761488748271,0.0,0.0,False
2009-01-20,0.6994283255720078,0.0,0.6994283255720078,0.0,0.0,False
2009-01-21,0.7294172645750595,0.0,0.7294172645750595,0.0,0.0,False
2009-01-22,0.7188970643425274,0.0,0.7188970643425274,0.0,0.0,False
2009-01-23,0.7222103910314901,0.0,0.7222103910314901,0.0,0.0,False
2009-01-26,0.7273110001620878,0.0,0.7273110001620878,0.0,0.0,False
2009-01-27,0.7336283058695052,0.0,0.7336283058695052,0.0,0.0,False
2009-01-28,0.7589251674180053,0.0,0.7589251674180053,0.0,0.0,False
2009-01-29,0.7369662823999885,0.0,0.7369662823999885,0.0,0.0,False
2009-01-30,0.7229923608934261,0.0,0.7229923608934261,0.0,0.0,False
2009-02-02,0.7262553052856774,0.0,0.7262553052856774,0.0,0.0,False
2009-02-03,0.7370357540996573,0.0,0.7370357540996573,0.0,0.0,False
2009-02-04,0.7357249373381521,0.0,0.7357249373381521,0.0,0.0,False
2009-02-05,0.7493164238392261,0.0,0.7493164238392261,0.0,0.0,False
2009-02-06,0.7697973586896814,0.0,0.7697973586896814,0.0,0.0,False
2009-02-09,0.7719236794538638,0.0,0.7719236794538638,0.0,0.0,False
2009-02-10,0.7400298415344397,0.0,0.7400298415344397,0.0,0.0,False
2009-02-11,0.7405038653622867,0.0,0.7405038653622867,0.0,0.0,False
2009-02-12,0.7453057548360426,0.0,0.7453057548360426,0.0,0.0,False
2009-02-13,0.7395902766510071,0.0,0.7395902766510071,0.0,0.0,False
2009-02-17,0.7090681686241702,0.0,0.7090681686241702,0.0,0.0,False
2009-02-18,0.7084606213923628,0.0,0.7084606213923628,0.0,0.0,False
2009-02-19,0.6991989997520993,0.0,0.6991989997520993,0.0,0.0,False
2009-02-20,0.696772026408084,0.0,0.696772026408084,0.0,0.0,False
2009-02-23,0.6721190294717232,0.0,0.6721190294717232,0.0,0.0,False
2009-02-24,0.6959566405356513,0.0,0.6959566405356513,0.0,0.0,False
2009-02-25,0.6909196835743808,0.0,0.6909196835743808,0.0,0.0,False
2009-02-26,0.6756355993393902,0.0,0.6756355993393902,0.0,0.0,False
2009-02-27,0.6649251195111062,0.0,0.6649251195111062,0.0,0.0,False
2009-03-02,0.6392021383863283,0.0,0.6392021383863283,0.0,0.0,False
2009-03-03,0.6365628707292835,0.0,0.6365628707292835,0.0,0.0,False
2009-03-04,0.6525922952025048,0.0,0.6525922952025048,0.0,0.0,False
2009-03-05,0.629474042860932,0.0,0.629474042860932,0.0,0.0,False
2009-03-06,0.6275296513073331,0.0,0.6275296513073331,0.0,0.0,False
2009-03-09,0.6171612428228334,0.0,0.6171612428228334,0.0,0.0,False
2009-03-10,0.6546169801189118,0.0,0.6546169801189118,0.0,0.0,False
2009-03-11,0.6617785760494937,0.0,0.6617785760494937,0.0,0.0,False
2009-03-12,0.6857763147686468,0.0,0.6857763147686468,0.0,0.0,False
2009-03-13,0.6892931056350465,0.0,0.6892931056350465,0.0,0.0,False
2009-03-16,0.6824951031810494,0.0,0.6824951031810494,0.0,0.0,False
2009-03-17,0.7058519180020462,0.0,0.7058519180020462,0.0,0.0,False
2009-03-18,0.7182041540760015,0.0,0.7182041540760015,0.0,0.0,False
2009-03-19,0.7135146146774242,0.0,0.7135146146774242,0.0,0.0,False
2009-03-20,0.7004876914574297,0.0,0.7004876914574297,0.0,0.0,False
2009-03-23,0.7462903284851522,0.0,0.7462903284851522,0.0,0.0,False
2009-03-24,0.7320549390516033,0.0,0.7320549390516033,0.0,0.0,False
2009-03-25,0.7376044948702489,0.0,0.7376044948702489,0.0,0.0,False
2009-03-26,0.756498584024686,0.0,0.756498584024686,0.0,0.0,False
2009-03-27,0.7425666758334925,0.0,0.7425666758334925,0.0,0.0,False
2009-03-30,0.7205818836714115,0.0,0.7205818836714115,0.0,0.0,False
2009-03-31,0.727036022621579,0.0,0.727036022621579,0.0,0.0,False
2009-04-01,0.7393964094905688,0.05247906281632245,0.6285505805635392,0.0720429983072108,0.03880283061981884,True
2009-04-02,0.7624396952876727,0.05580128590207709,0.6478509812023215,0.07204359866551127,0.04254511541983997,True
2009-04-03,0.7740472217390321,0.05802262214864328,0.6570908304154937,0.07204414185136741,0.044912249472170956,True
2009-04-06,0.770325318844794,0.05786577035579659,0.6537051372149859,0.07204471363027952,0.04457546799952864,True
2009-04-07,0.7505659053579169,0.05469095729127235,0.6374714949537322,0.07204524252996974,0.041049167874214997,True
2009-04-08,0.7614522128296872,0.05663258517682641,0.6462834198003069,0.0720457857282201,0.04312300730116021,True
2009-04-09,0.7883133175732204,0.0597835212001352,0.6691388712987371,0.07204630034099574,0.047128145933487534,True
2009-04-13,0.7876653458223569,0.059555426135760155,0.6687087998370183,0.07204680066251737,0.046909745322821356,True
2009-04-14,0.7761191099570842,0.05823130781388152,0.6588773924724106,0.07204728669252694,0.04519443079214673,True
2009-04-15,0.7783425694550574,0.05757764075271877,0.6614796821776937,0.07204775843073237,0.04481512884663135,True
2009-04-16,0.7952493661609835,0.06073186324367111,0.6749042317146199,0.07204815869605868,0.048296975750304984,True
2009-04-17,0.7985243654023971,0.06086036527321278,0.6778773647666485,0.07204851607779825,0.04859848455795032,True
2009-04-20,0.7687431573171272,0.057120619797299294,0.6527831839496027,0.07204888775663738,0.04391108561088706,True
2009-04-21,0.7815109328543496,0.05853562457281551,0.6637154714426651,0.07204923084657142,0.04574623056511304,True
2009-04-22,0.7808782855911818,0.15133774931754962,0.6627019233588656,0.0,0.11817636223231619,True
2009-04-23,0.7908163648837525,0.15379989163423946,0.6691888936620483,0.0,0.12162747122170431,True
2009-04-24,0.8081148920392927,0.15840437012300554,0.6801059615787879,0.0,0.12800893046050477,True
2009-04-27,0.8057473601030211,0.15942400579064295,0.6772918883001617,0.0,0.1284554718028593,True
2009-04-28,0.7993061966185494,0.15712306976895202,0.6737167533204974,0.0,0.12558944329805202,True
2009-04-29,0.8162659409941538,0.16018824817052427,0.6855097298650358,0.0,0.13075621112911803,True
2009-04-30,0.8237359465594991,0.16349279193899105,0.6890610568359791,0.0,0.13467488972352004,True
2009-05-01,0.827543154676766,0.16400965331273173,0.6918180887769052,0.0,0.13572506589986072,True
2009-05-04,0.8541983596946551,0.16830867586396372,0.7104293648492779,0.0,0.1437689948453772,True
2009-05-05,0.8523017141509285,0.16823621239234435,0.7089137019466737,0.0,0.14338801220425476,True
2009-05-06,0.8586587330973974,0.16712033869736415,0.7151593947967108,0.0,0.14349933830068665,True
2009-05-07,0.8352308524614979,0.15972767612799313,0.7018213693674201,0.0,0.13340948309407774,True
2009-05-08,0.8438478989420214,0.15836191855322745,0.7102145266984529,0.0,0.1336333722435685,True
2009-05-11,0.8398412436976437,0.16077731758888592,0.7048138213354227,0.0,0.13502742236222098,True
2009-05-12,0.8295255609983325,0.15679265538418755,0.6994620455803461,0.0,0.1300635154179864,True
2009-05-13,0.8008662614525162,0.14932297126220917,0.6812785317087692,0.0,0.11958772974374696,True
2009-05-14,0.8116127380608866,0.1522868448613189,0.6880147949323382,0.0,0.1235979431285485,True
2009-05-15,0.8083663358231717,0.15261075309011196,0.6850009405405032,0.0,0.12336539528266859,True
2009-05-18,0.8366637547457754,0.15896919230214385,0.7036599934253605,0.0,0.1330037613204149,True
2009-05-19,0.8397376982847867,0.16059533778199356,0.7048797389804676,0.0,0.13485795930431912,True
2009-05-20,0.8347263394524317,0.15985533566698865,0.7012908802691865,0.0,0.13343545918324518,True
2009-05-21,0.8158773717102166,0.15451698126131944,0.6898104631541345,0.0,0.12606690855608207,True
2009-05-22,0.812768271395661,0.15357397756399602,0.6879482151196159,0.0,0.12482005627604507,True
2009-05-26,0.848343298604996,0.1635723480308762,0.7095777933159181,0.0,0.13876550528907794,True
2009-05-27,0.8366782525237559,0.16240670649872574,0.7007960931322635,0.0,0.13588215939149237,True
2009-05-28,0.8503286053854093,0.16533755583447418,0.7097373521148487,0.0,0.14059125327056068,True
2009-05-29,0.8661564955102432,0.16829424528577702,0.7203873417989733,0.0,0.1457691537112699,True
2009-06-01,0.8976322794163137,0.17628891915634468,0.7393896550781658,0.0,0.15824262433814792,True
2009-06-02,0.899091732244692,0.1767140384192491,0.7402096013303743,0.0,0.15888213091431772,True
2009-06-03,0.8918399024698057,0.17652265098053876,0.7344099586356104,0.0,0.15742994383419526,True
2009-06-04,0.9047522020639353,0.1798808778829113,0.7420045816901775,0.0,0.1627476203737578,True
2009-06-05,0.9057530043867977,0.18025433469140067,0.7424870991863182,0.0,0.16326590520047954,True
2009-06-08,0.901633283702274,0.1794385200231951,0.7398455416710844,0.0,0.16178774203118965,True
2009-06-09,0.9100357694036401,0.18183906954700074,0.7445557118407933,0.0,0.16548005756284684,True
2009-06-10,0.906021953968338,0.18070187765926649,0.7423020856857417,0.0,0.1637198682825962,True
2009-06-11,0.9076593699486826,0.1803609009941192,0.7439531081889836,0.0,0.16370626175969893,True
2009-06-12,0.904681129262104,0.1784333822361674,0.7432558155226314,0.0,0.16142531373947255,True
2009-06-15,0.8786314314103468,0.17242862627586658,0.7271302206894624,0.0,0.1515012107208844,True
2009-06-16,0.865712870041717,0.16986932689303688,0.7186548075250915,0.0,0.1470580625166256,True
2009-06-17,0.873003391989479,0.17326960398218752,0.7217384399843555,0.0,0.15126495200512344,True
2009-06-18,0.8740435934181713,0.17203736699502611,0.723675434967638,0.0,0.15036815845053333,True
2009-06-19,0.8840900037818502,0.17554461249255077,0.7288927666594276,0.0,0.15519723712242264,True
2009-06-22,0.8483573745364699,0.16653095551358807,0.7070796103379127,0.0,0.14127776419855723,True
2009-06-23,0.8468496115168398,0.16567207400058406,0.706550280010256,0.0,0.14029933150658375,True
2009-06-24,0.8629319543188954,0.17079231382645052,0.7155498091659903,0.0,0.14738214515290504,True
2009-06-25,0.8864348688609471,0.1760612348561619,0.7303680512297288,0.0,0.1560668176312183,True
2009-06-26,0.8873076055180836,0.17703676708616015,0.7302215356262002,0.0,0.15708606989188345,True
2009-06-29,0.892553320621023,0.1771437810225683,0.7344430506419662,0.0,0.1581102699790567,True
2009-06-30,0.8879519074280765,0.17701975197882774,0.7307668810060314,0.0,0.15718502642204513,True
2009-07-01,0.8899089494849652,0.17690706547218743,0.7324777686941429,0.0,0.15743118079082227,True
2009-07-02,0.8614708718745256,0.17068281239810693,0.7144326006639324,0.0,0.14703827121059326,True
2009-07-06,0.8571581733474043,0.1687809527827569,0.7124862001643019,0.0,0.1446719731831024,True
2009-07-07,0.8306049919832328,0.16117719021431076,0.6967304131973951,0.0,0.13387457878583758,True
2009-07-08,0.8342656491133366,0.16296532996846871,0.6983092723242229,0.0,0.13595637678911363,True
2009-07-09,0.836237415262497,0.1634109009747877,0.6995871058056247,0.0,0.13665030945687232,True
2009-07-10,0.8386709670660252,0.16503256969544364,0.7002629422421562,0.0,0.1384080248238689,True
2009-07-13,0.8618620071882734,0.1698217251387286,0.7154991142960335,0.0,0.1463628928922399,True
2009-07-14,0.8667859695212853,0.17069364442173568,0.7188311134500696,0.0,0.1479548560712157,True
2009-07-15,0.9042711452781149,0.1800942112264289,0.7414171466344334,0.0,0.1628539986436816,True
2009-07-16,0.9139016549421781,0.18455240348026572,0.7452389079780067,0.0,0.16866274696417144,True
2009-07-17,0.9226736414697813,0.18571905357725774,0.7513155660153314,0.0,0.1713580754544498,True
2009-07-20,0.9351781759138076,0.18848950041497003,0.7589069087368311,0.0,0.17627126717697655,True
2009-07-21,0.9431457699225565,0.19072549473027994,0.7632638263513061,0.0,0.17988194357125037,True
2009-07-22,0.9507718935437889,0.19393654226866563,0.7663824800236746,0.0,0.1843894135201143,True
2009-07-23,0.979891395900882,0.20062125623465715,0.7833043530817153,0.0,0.19658704281916672,True
2009-07-24,0.9739972925534442,0.19720242192896587,0.7819226675096496,0.0,0.19207462504379472,True
2009-07-27,0.9825679337853122,0.19997152931583703,0.7860823214095611,0.0,0.19648561237575096,True
2009-07-28,0.973971849851663,0.19756698697046338,0.7815471660824214,0.0,0.1924246837692416,True
2009-07-29,0.9794369860498677,0.20036829270134493,0.7831888693465048,0.0,0.19624811670336298,True
2009-07-30,0.9892431749718132,0.20184570549693212,0.7895686884116025,0.0,0.1996744865602107,True
2009-07-31,0.9867731038220129,0.20049321984220908,0.7889317869830471,0.0,0.19784131683896583,True
2009-08-03,1.0080403030948193,0.20505294929549367,0.8013386659365032,0.0,0.20670163715831605,True
2009-08-04,1.0090600414451718,0.20482856448217418,0.802375721679634,0.0,0.20668431976553772,True
2009-08-05,0.999980547083856,0.2018703006693225,0.7981141733805643,0.0,0.2018663737032916,True
2009-08-06,0.9890462675174183,0.19869046457395548,0.7925322051392458,0.0,0.19651406237817248,True
2009-08-07,1.006744234413925,0.20261754324076198,0.8027601909651738,0.0,0.20398404344875126,True
2009-08-10,0.9987797481066849,0.1999147220083619,0.7991089724163553,0.0,0.19967077569032965,True
2009-08-11,0.9852037911770801,0.19743142929850696,0.7906935985346815,0.0,0.19451019264239872,True
2009-08-12,1.004639048597071,0.20262103545205917,0.801078044314761,0.0,0.20356100428231014,True
2009-08-13,1.013262197130818,0.2042061712003747,0.8063478034326543,0.0,0.20691439369816364,True
2009-08-14,0.9984003514207966,0.20009476134769527,0.7986256713737973,0.0,0.1997746800469994,True
2009-08-17,0.9595800469269544,0.1900487510332918,0.7772130574920192,0.0,0.18236698943493523,True
2009-08-18,0.9760212690265716,0.19484303757486288,0.7858503202317619,0.0,0.19017094879480964,True
2009-08-19,0.986120426113513,0.196833968565558,0.7920184291580312,0.0,0.19410199695548186,True
2009-08-20,1.0016353786660843,0.20057353385596616,0.8007338311318689,0.0,0.20090154753421535,True
2009-08-21,1.0228401608163897,0.20425429934606132,0.8139206604258253,0.0,0.20891950039056437,True
2009-08-24,1.021757168936195,0.20384490576292785,0.8134771751218005,0.0,0.20827999381439463,True
2009-08-25,1.0256053159510616,0.20487952805417806,0.815479782849152,0.0,0.21012553310190968,True
2009-08-26,1.02382819097942,0.20415142389029353,0.8148122079719481,0.0,0.20901598300747198,True
2009-08-27,1.0272863947279185,0.20496208081024214,0.8167316376764326,0.0,0.21055475705148594,True
2009-08-28,1.0282200750061394,0.20536784375730005,0.8170567352941592,0.0,0.21116333971198017,True
2009-08-31,1.0140028649138844,0.201896612520021,0.8092791214021747,0.0,0.20472374351170972,True
2009-09-01,0.9859731107259251,0.19594880780484927,0.7927728551515414,0.0,0.19320025557438367,True
2009-09-02,0.9837092694838021,0.19593449772362817,0.7909666878614161,0.0,0.19274258162238594,True
2009-09-03,0.9934323322184302,0.19785681368069294,0.7968749763583121,0.0,0.1965573558601182,True
2009-09-04,1.0202558352396318,0.20507356622130998,0.8110283326489391,0.0,0.20922750259069256,True
2009-09-08,1.033463311699789,0.20815481452166945,0.818342947737969,0.0,0.21512036396181983,True
2009-09-09,1.0456466624165424,0.21101614059384693,0.8249983392885664,0.0,0.22064832312797591,True
2009-09-10,1.0600424118245244,0.2140607827693208,0.833128903380688,0.0,0.22691350844383643,True
2009-09-11,1.0610026471074558,0.21446862426190844,0.8334508690440766,0.0,0.22755177806337917,True
2009-09-14,1.0672496871465726,0.21566108965093295,0.8370854566869255,0.0,0.23016423045964715,True
2009-09-15,1.0724394228383372,0.21660824159473538,0.8401402052404521,0.0,0.2322992175978851,True
2009-09-16,1.0950746537706313,0.221399012284484,0.8526262070480403,0.0,0.24244844672259105,True
2009-09-17,1.0941494034284562,0.22141326550062645,0.8518902110697995,0.0,0.24225919235865684,True
2009-09-18,1.0963346226654473,0.22206636117626283,0.8528755823785803,0.0,0.24345904028686705,True
2009-09-21,1.0987798523193766,0.2235906519404451,0.8531029488002612,0.0,0.24567690351911542,True
2009-09-22,1.103432861118888,0.22388651751903557,0.8563891205269145,0.0,0.24704374059197345,True
2009-09-23,1.0943709370084376,0.22254733736479135,0.8508215988877981,0.0,0.24354933812063959,True
2009-09-24,1.0793157421036021,0.21957407631769701,0.842325984976054,0.0,0.23698975712754813,True
2009-09-25,1.0670941727318115,0.21621183296119265,0.8363757857032591,0.0,0.2307183870285525,True
2009-09-28,1.093468566590679,0.22175813995042068,0.8509830111692773,0.0,0.24248555542140168,True
2009-09-29,1.087003699910063,0.22006145920164588,0.8477960795502665,0.0,0.23920762035979645,True
2009-09-30,1.0861564376428443,0.22068523817886973,0.8464577455021206,0.0,0.23969869214072376,True
2009-10-01,1.0418402801900315,0.20963455235513642,0.8234345594268444,0.0,0.21840572076318715,True
2009-10-02,1.0367815026062452,0.2087914570759266,0.8203103820077188,0.0,0.21647112059852655,True
2009-10-05,1.0514414821831026,0.21085078542590946,0.8297442198354131,0.0,0.22169726234768958,True
2009-10-06,1.076497833287119,0.21687173871442128,0.8430358764598341,0.0,0.23346195682728468,True
2009-10-07,1.0808490943611135,0.21783661604440074,0.8454005851908334,0.0,0.23544850917028015,True
2009-10-08,1.0888989628366232,0.21898549356327277,0.8504458860193094,0.0,0.23845307681731376,True
2009-10-09,1.09795474794627,0.22086556787019154,0.855454349045344,0.0,0.24250039890092592,True
2009-10-12,1.1020598468284877,0.2214256604735848,0.858035517363072,0.0,0.24402432946541558,True
2009-10-13,1.1014373313394528,0.22169006364640173,0.8572596192522867,0.0,0.24417771208716615,True
2009-10-14,1.1246151854274071,0.22597746335014454,0.8704774985794692,0.0,0.2541376868479379,True
2009-10-15,1.1234131352700505,0.2246293136120921,0.8710616137915307,0.0,0.2523515214785198,True
2009-10-16,1.1123855740235917,0.22241489146186236,0.8649744573133931,0.0,0.2474111167101986,True
2009-10-19,1.1277487673799982,0.22598353033045931,0.8728961196016423,0.0,0.2548526477783559,True
2009-10-20,1.1257025957453568,0.2265349473212907,0.8706916175187422,0.0,0.2550109782266146,True
2009-10-21,1.1195538056132281,0.22649636874196455,0.8659789340305848,0.0,0.2535748715826434,True
2009-10-22,1.1286407200857762,0.2273129929935884,0.8720860199886397,0.0,0.2565547000971366,True
2009-10-23,1.1186257361058969,0.22647197157483664,0.8652883601956416,0.0,0.2533373759102554,True
2009-10-26,1.110051535159621,0.22598148387216294,0.8592004420696773,0.0,0.2508510930899436,True
2009-10-27,1.0901898819371,0.21964409934084236,0.8507361072085265,0.0,0.23945377472857363,True
2009-10-28,1.0564753650904097,0.21137991751466545,0.8331576895613227,0.0,0.22331767552908688,True
2009-10-29,1.083772416737813,0.21649574594516438,0.8491402989413668,0.0,0.2346321177964464,True
2009-10-30,1.0411582654093952,0.20719022379162327,0.8254404513967242,0.0,0.21571781401267087,True
2009-11-02,1.0485696836478733,0.20827148621542615,0.8301825172340914,0.0,0.2183871664137818,True
2009-11-03,1.053249227443479,0.20929685550905672,0.8328074760722155,0.0,0.22044175137126346,True
2009-11-04,1.0561356249697509,0.20977191315004212,0.8345880343739308,0.0,0.22154759059582005,True
2009-11-05,1.0904990364388756,0.21819004051963303,0.8525630074916565,0.0,0.23793602894721905,True
2009-11-06,1.0983283637362202,0.22045482373086128,0.8561965779101466,0.0,0.24213178582607373,True
2009-11-09,1.1327225470139686,0.22744391646639275,0.8750916946513237,0.0,0.2576308523626447,True
2009-11-10,1.1358430388767273,0.22852229017840187,0.8762775863494221,0.0,0.2595654525273053,True
2009-11-11,1.1458729642268264,0.23086695577075983,0.8813287612757622,0.0,0.2645442029510642,True
2009-11-12,1.134344623909467,0.2292123606937251,0.8743388148229423,0.0,0.2600058090865247,True
2009-11-13,1.1467295641934472,0.23232978159503018,0.8803101349958196,0.0,0.26641942919762773,True
2009-11-16,1.165767309161326,0.23552917307644716,0.8911950988350039,0.0,0.27457221032632206,True
2009-11-17,1.1702652127744568,0.2368235114928314,0.8931188957073045,0.0,0.27714631706715237,True
2009-11-18,1.1628004043867883,0.2343185229060807,0.8903347311962827,0.0,0.2724656731905056,True
2009-11-19,1.1373378444049398,0.22836659224558814,0.8776078766462408,0.0,0.25972996775869905,True
2009-11-20,1.1296238458870675,0.22643405944946862,0.8738385328119378,0.0,0.25578531307512964,True
2009-11-23,1.15456003097861,0.23223684345122814,0.8864286538091855,0.0,0.26813137716942453,True
2009-11-24,1.150981639879793,0.2305676645737104,0.8856024912054896,0.0,0.26537914867430323,True
2009-11-25,1.1578692230952798,0.23214892617391011,0.889071126303891,0.0,0.2687980967913888,True
2009-11-27,1.1316555048087138,0.2267030480393357,0.8751057525380852,0.0,0.25654975227062854,True
2009-11-30,1.1345017848201808,0.22689750281031387,0.8770861629106377,0.0,0.2574156219095431,True
2009-12-01,1.1524156517831488,0.23027646356345294,0.8870414509353537,0.0,0.2653742008477951,True
2009-12-02,1.1538873529643627,0.23090681839591667,0.8874468955040755,0.0,0.2664404574602871,True
2009-12-03,1.1453205891693272,0.22976653009128872,0.8821642515537804,0.0,0.26315633761554674,True
2009-12-04,1.154267525125059,0.23155305023238987,0.8869933588981599,0.0,0.2672741662268991,True
2009-12-07,1.1476413671970733,0.22954763679346338,0.8842030034705659,0.0,0.26343836372650753,True
2009-12-08,1.1351397184581908,0.22777904740868044,0.8765786747120264,0.0,0.2585610437461644,True
2009-12-09,1.1489996786358967,0.23182123907033023,0.8826371494431118,0.0,0.2663625291927848,True
2009-12-10,1.1576588232383793,0.233516056356467,0.8873269002294846,0.0,0.27033192300889464,True
2009-12-11,1.1547102203230337,0.23140107455804326,0.8875090345371287,0.0,0.2672011857859049,True
2009-12-14,1.1695786812656501,0.23496575934331548,0.894767738310313,0.0,0.27481094295533703,True
2009-12-15,1.1603424466715517,0.23283207008346224,0.8901775128073051,0.0,0.2701649338642468,True
2009-12-16,1.162702341835487,0.23328612433874377,0.8914600187491051,0.0,0.27124232308638196,True
2009-12-17,1.1419965257737092,0.22882575749584633,0.8806783057059155,0.0,0.2613182200677938,True
2009-12-18,1.164420971094012,0.2353744569756049,0.8903460173317524,0.0,0.27407495376225965,True
2009-12-21,1.1831790949695273,0.2394418997126817,0.8998764447696922,0.0,0.2833026501998351,True
2009-12-22,1.1925805390385813,0.2418162090861807,0.9041952340583177,0.0,0.28838530498026366,True
2009-12-23,1.203060273785346,0.2449390714715502,0.9083838074000543,0.0,0.2946764663852916,True
2009-12-24,1.2175240940437129,0.24870413070769742,0.9147208226188944,0.0,0.30280327142481844,True
2009-12-28,1.225607922567173,0.25091507018768905,0.9180844246536429,0.0,0.30752349791352995,True
2009-12-29,1.2192530917436792,0.2490930626100216,0.9155456050245085,0.0,0.3037074867191707,True
2009-12-30,1.2232313950499312,0.25052987160446594,0.9167753907055202,0.0,0.306456004344411,True
2009-12-31,1.206276503827854,0.2470997938067888,0.9082058284580172,0.0,0.2980706753698368,True
2010-01-04,1.2337013695932397,0.252203716093309,0.9225572996324198,0.0,0.3111440699608199,True
2010-01-05,1.2348990679867953,0.2519400782220311,0.9237785002018888,0.0,0.31112056778490654,True
2010-01-06,1.2267852654861229,0.2489984878310203,0.9213175894867015,0.0,0.3054676759994214,True
2010-01-07,1.229603326228565,0.24889459661194052,0.923561702354206,0.0,0.306041623874359,True
2010-01-08,1.2424749513003506,0.25238007926144534,0.9288990246108076,0.0,0.3135759266895429,True
2010-01-11,1.2373665442597046,0.25030105229269844,0.9276523961597206,0.0,0.3097141480999839,True
2010-01-12,1.215590332336506,0.2452034674601568,0.9175233678365504,0.0,0.2980669644999557,True
2010-01-13,1.236288690925867,0.25008604232150455,0.9271101450453831,0.0,0.3091785458804838,True
2010-01-14,1.2387208405919405,0.25022311843139955,0.9287642489930605,0.0,0.30995659159887995,True
2010-01-15,1.2172556878532754,0.2457246426706269,0.918145968916741,0.0,0.29910971893653426,True
2010-01-19,1.2448627272810626,0.25189201346554363,0.9312917484180279,0.0,0.3135709788630348,True
2010-01-20,1.2198790767820955,0.24594149351984199,0.919860194724701,0.0,0.3000188820573946,True
2010-01-21,1.1982789338523967,0.2433233390833612,0.9067097025141814,0.0,0.2915692313382153,True
2010-01-22,1.1493226479709349,0.2314181533631681,0.8833485231590347,0.0,0.26597412481190025,True
2010-01-25,1.1557795066893897,0.2324541496689647,0.8871137642570921,0.0,0.26866574243229757,True
2010-01-26,1.1550274411979196,0.2332170085820223,0.885655396531593,0.0,0.26937204466632647,True
2010-01-27,1.1669866767311416,0.23627519253395735,0.8912566750019282,0.0,0.2757300017292135,True
2010-01-28,1.129107838980777,0.22533575879249515,0.8746794673254891,0.0,0.2544283716552878,True
2010-01-29,1.103383159763533,0.21849982869156995,0.862294128374038,0.0,0.24108903138949514,True
2010-02-01,1.1227486491051475,0.2217898126150379,0.87373443660633,0.0,0.2490142124988176,True
2010-02-02,1.1386914020353074,0.2245831368590691,0.8829605150517666,0.0,0.25573088698354074,True
2010-02-03,1.1431172544175507,0.22738622549100648,0.8831881366419013,0.0,0.2599291177756494,True
2010-02-04,1.0941248030027149,0.21692659103251694,0.8567800393232118,0.0,0.23734476367950308,True
2010-02-05,1.1046254942978213,0.22029324025513763,0.8612839648905212,0.0,0.2433415294073001,True
2010-02-08,1.093126055539815,0.21777657708388262,0.8550688048431478,0.0,0.23805725069666708,True
2010-02-09,1.1102509761894137,0.22103428987454174,0.8648474400848698,0.0,0.24540353610454382,True
2010-02-10,1.1069452537433484,0.220288622082379,0.8630978090755969,0.0,0.2438474446677516,True
2010-02-11,1.1290162240889265,0.22575532985721666,0.8741347940055816,0.0,0.25488143008334485,True
2010-02-12,1.1305963510537633,0.22636231725186506,0.8746719411527303,0.0,0.255924409901033,True
2010-02-16,1.15298794567569,0.23056442173564107,0.8871499467128098,0.0,0.2658379989628802,True
2010-02-17,1.16210315943945,0.23263792826677018,0.8917538879951882,0.0,0.27034927144426174,True
2010-02-18,1.172658123018942,0.23491468109884034,0.8971835140119824,0.0,0.2754746090069594,True
2010-02-19,1.1733882714044057,0.2347685039302883,0.8979136623974464,0.0,0.2754746090069594,True
2010-02-22,1.1706337272883325,0.23366886878629398,0.8970930684697849,0.0,0.2735406588185476,True
2010-02-23,1.1486918631431644,0.22883517700011716,0.8858307573222041,0.0,0.2628611058209604,True
2010-02-24,1.1652282588177032,0.23240947864013758,0.8944181666891254,0.0,0.2708100921285777,True
2010-02-25,1.1643680402485854,0.23244857051565798,0.8937123537386835,0.0,0.2706556865099018,True
2010-02-26,1.1696300572168032,0.23428951457728014,0.8955979988764821,0.0,0.27403205834032124,True
2010-03-01,1.1925379715899935,0.2396456162502781,0.9067514744864528,0.0,0.28578649710354065,True
2010-03-02,1.1969099902802136,0.2402058123638283,0.909405253738573,0.0,0.28750473654164055,True
2010-03-03,1.199411293926043,0.2410362501425057,0.910309693259539,0.0,0.28910160066650414,True
2010-03-04,1.2054779746002535,0.24247061680054066,0.9131849865594636,0.0,0.29229298804078996,True
2010-03-05,1.2318102974391847,0.24777588602307304,0.9265974095788455,0.0,0.3052128878603391,True
2010-03-08,1.2344166647450239,0.2485711631107235,0.9275762786260934,0.0,0.3068403861189306,True
2010-03-09,1.2432113492569759,0.2511817856018224,0.9309393026701577,0.0,0.31227204658681806,True
2010-03-10,1.2567069242912416,0.254564872677418,0.936793486116212,0.0,0.31991343817502954,True
2010-03-11,1.2633960991795572,0.2555490692055205,0.9405364019963358,0.0,0.32285969718322133,True
2010-03-12,1.2642727942331455,0.25595450499891476,0.9406764770016061,0.0,0.3235963172315396,True
2010-03-15,1.2610243632614124,0.2548857985436266,0.9396071614485592,0.0,0.3214172018128534,True
2010-03-16,1.2738273672075127,0.257095102872272,0.9463325891937819,0.0,0.32749477801373084,True
2010-03-17,1.280197122660749,0.2575898874170246,0.9504312899629678,0.0,0.32976583269778115,True
2010-03-18,1.2848934553248839,0.25925138601361336,0.951783046152087,0.0,0.33311040917279694,True
2010-03-19,1.273713351677974,0.2569006731357416,0.9464955342499208,0.0,0.32721781742805306,True
2010-03-22,1.2893671181452377,0.2606368007954844,0.9533105974209696,0.0,0.3360565207242681,True
2010-03-23,1.3030306412142232,0.2632978985960127,0.9599454115763031,0.0,0.34308522963792,True
2010-03-24,1.2935324436380122,0.2614585180302067,0.9553273679004256,0.0,0.33820507573758657,True
2010-03-25,1.2899413869989818,0.2605445449766327,0.9538541952768055,0.0,0.3360871917221762,True
2010-03-26,1.291902843058845,0.2615036575631578,0.9540655243827149,0.0,0.3378373186761302,True
2010-03-29,1.3018504326530622,0.2630648940420799,0.9593792865285484,0.0,0.3424711461245137,True
2010-03-30,1.3073595238732794,0.2647031030565874,0.9612974010934398,0.0,0.3460621227798397,True
2010-03-31,1.2987729664115855,0.26286160817501775,0.9573754158063978,0.0,0.34139755060518767,True
2010-04-01,1.3013708133939732,0.2618180044535214,0.9606485039771072,0.0,0.340722309416866,True
2010-04-05,1.319624545720618,0.2656614829044961,0.9690511320273065,0.0,0.35057341369331135,True
2010-04-06,1.3248326653810425,0.2666328089093519,0.9715888104756317,0.0,0.3532438549054109,True
2010-04-07,1.3188666244104987,0.2663261382011488,0.9676179695288657,0.0,0.3512486548816331,True
2010-04-08,1.322895591483057,0.26646646254997947,0.970388282897604,0.0,0.3525073085854529,True
2010-04-09,1.3353211061860366,0.26874385265483847,0.9764617675782805,0.0,0.35885933860775615,True
2010-04-12,1.337937587565835,0.26929647106918964,0.9776357167235308,0.0,0.36030187084230425,True
2010-04-13,1.3462283247826279,0.2716736526244773,0.9804935585224002,0.0,0.36573476626022766,True
2010-04-14,1.3705462902573882,0.27625772129941206,0.9919222951755194,0.0,0.37862399508186867,True
2010-04-15,1.37820575114145,0.27839676854863954,0.9945177236285199,0.0,0.3836880275129302,True
2010-04-16,1.35068415493872,0.27395775716081133,0.9806537532190626,0.0,0.37003040171965756,True
2010-04-19,1.3516531794975102,0.27333062306667394,0.9822049737754049,0.0,0.3694482057221053,True
2010-04-20,1.3639821925858917,0.2748647536501785,0.9890715632375402,0.0,0.3749106293483514,True
2010-04-21,1.3724637042134658,0.27797379835050734,0.9909547552550415,0.0,0.3815089489584243,True
2010-04-22,1.382362515805276,0.2800686429778165,0.995206121900292,0.0,0.387156393904984,True
2010-04-23,1.3928125620948397,0.28164710137675364,1.0005309412196985,0.0,0.3922816208751413,True
2010-04-26,1.3869186260390514,0.28074180096409945,0.9975525931741936,0.0,0.38936603286485766,True
2010-04-27,1.340504952428728,0.27253556093002357,0.97516968328909,0.0,0.365335269139638,True
2010-04-28,1.345364078773456,0.27218980693504213,0.9791696899147682,0.0,0.3661943888586878,True
2010-04-29,1.3786531875399146,0.2791749074848245,0.9937678114548006,0.0,0.38488537608511403,True
2010-04-30,1.3377516756210102,0.27075670977957533,0.9755464334277518,0.0,0.36220524219325845,True
2010-05-03,1.365701733373407,0.27604690142853844,0.9887040016000939,0.0,0.37699773177331297,True
2010-05-04,1.3058967293519181,0.26316669904781154,0.9622281977910404,0.0,0.3436685315608776,True
2010-05-05,1.2949000403251698,0.2610403504642689,0.9568788799824917,0.0,0.3380211603426782,True
2010-05-06,1.2299070714645142,0.247910186306776,0.9250005802377252,0.0,0.304906491226789,True
2010-05-07,1.1893180792814626,0.23771407429959623,0.9066004330172959,0.0,0.2827176462641667,True
2010-05-10,1.2750084295319337,0.2548105257030932,0.9501228613270265,0.0,0.32488556820490727,True
2010-05-11,1.272946973406277,0.2550547453396306,0.9482758072732854,0.0,0.3246711661329915,True
2010-05-12,1.3060140637903601,0.261991641139002,0.9638492958673064,0.0,0.34216476792305367,True
2010-05-13,1.276923381134417,0.2558469874678464,0.9502263808439196,0.0,0.32669700029049725,True
2010-05-14,1.2390836244099939,0.24743617696444004,0.9324895094467429,0.0,0.306594114963251,True
2010-05-17,1.2449630812642583,0.24959590397162038,0.9342253955848118,0.0,0.31073768567944643,True
2010-05-18,1.2202829575562686,0.2449110076993142,0.9214222287428635,0.0,0.2988607288134052,True
2010-05-19,1.20610095149715,0.2412510044937161,0.9151278854276358,0.0,0.2909730660695142,True
2010-05-20,1.1424040154770951,0.2289392587999513,0.8808628869236808,0.0,0.26154112855341427,True
2010-05-21,1.1557261461376567,0.22805319177047273,0.8921591096983762,0.0,0.2635670364392804,True
2010-05-24,1.1503907918803786,0.23100501424481076,0.8846447506149526,0.0,0.265746041265426,True
2010-05-25,1.149365816482618,0.22958173318237082,0.8854924202739678,0.0,0.2638733962086502,True
2010-05-26,1.1335811086723337,0.22557707932179458,0.877871193003667,0.0,0.25570991566866685,True
2010-05-27,1.19255167796114,0.2376357445314944,0.9091587720765616,0.0,0.28339290588457844,True
2010-05-28,1.1802116734001755,0.23676530501506354,0.9007784965652443,0.0,0.27943317683493113,True
2010-06-01,1.1607528425240572,0.23407209185940417,0.8890529965427016,0.0,0.2716998459813556,True
2010-06-02,1.2019753828141233,0.24195156226214254,0.9111555611416093,0.0,0.29081982167251397,True
2010-06-03,1.215428287277599,0.2454849462093975,0.9170589395538774,0.0,0.29836934772372153,True
2010-06-04,1.1541414733259456,0.2329929381734738,0.8852346603878716,0.0,0.268906812938074,True
2010-06-07,1.124990723664091,0.22517202116760082,0.8716742886218457,0.0,0.25331643504224527,True
2010-06-08,1.127459821970923,0.22342665245955162,0.8755552481653177,0.0,0.2519045738056054,True
2010-06-09,1.115898603697089,0.2207629834578244,0.8695494987084992,0.0,0.24634910498858983,True
2010-06-10,1.1614500073204652,0.22970345232067513,0.8946609309410809,0.0,0.26678907637938426,True
2010-06-11,1.174857053479112,0.2330124447582052,0.9011007392065227,0.0,0.27375631427258934,True
2010-06-14,1.174213155835242,0.233270713137822,0.9003036155977426,0.0,0.2739095402374994,True
2010-06-15,1.2165307764485265,0.2416044972603717,0.9226114698029106,0.0,0.2939193066456159,True
2010-06-16,1.2241654990947675,0.2449361957883648,0.9243230587311301,0.0,0.2998424403636373,True
2010-06-17,1.2293941461527194,0.24634076456168819,0.9265442522417947,0.0,0.3028498939109247,True
2010-06-18,1.231109731204631,0.24667054513794665,0.9274312226837538,0.0,0.3036785085208773,True
2010-06-21,1.2178553431203762,0.24280291945480592,0.9221565103371145,0.0,0.29569883278326176,True
2010-06-22,1.1996818246067604,0.2406488934185087,0.9109797210608461,0.0,0.28870210354591436,True
2010-06-23,1.1925301103953245,0.2388496669426765,0.9076946907082879,0.0,0.2848354196870365,True
2010-06-24,1.1642999516921009,0.23277897512825466,0.8932754021953373,0.0,0.27102454949676363,True
2010-06-25,1.1660759784676973,0.23226675997050256,0.8952352890695718,0.0,0.27084068939812556,True
2010-06-28,1.1606577503064872,0.23126141883699247,0.8922423921864573,0.0,0.26841535812003,True
2010-06-29,1.0997228483541344,0.2168387685379017,0.8612603001840302,0.0,0.23846254817010412,True
2010-06-30,1.0772937695292881,0.21041388509343326,0.8506162020956809,0.0,0.2266775674336072,True
2010-07-01,1.0719934785887113,0.20939292936827114,0.847525623843338,0.0,0.2244678547453733,True
2010-07-02,1.0672622081727525,0.20917063041691347,0.8440222992691108,0.0,0.2232399089036418,True
2010-07-06,1.0724874303672434,0.20923939711373185,0.8480808070251459,0.0,0.22440662334209746,True
2010-07-07,1.1205861665759795,0.21918223196633463,0.8749735894752575,0.0,0.24561257710072204,True
2010-07-08,1.1314474371559808,0.2207403893588794,0.8816912893390635,0.0,0.24975614781691746,True
2010-07-09,1.1459254868385749,0.22405829607005634,0.8891713748342739,0.0,0.25675411200430087,True
2010-07-12,1.1504249004215001,0.22571635780096128,0.8907551819748256,0.0,0.2596697184466746,True
2010-07-13,1.1717867919653338,0.22917062473668187,0.9032476807924459,0.0,0.2685391111728878,True
2010-07-14,1.1783325506046054,0.23154307881278974,0.9054978039722877,0.0,0.2728347466323177,True
2010-07-15,1.1798062080249205,0.2320609803612038,0.9060192227544233,0.0,0.2737869852704974,True
2010-07-16,1.132779658945924,0.2222421318079152,0.8810282926731388,0.0,0.25175136627278527,True
2010-07-19,1.1448351443384994,0.22486148860260444,0.887405809577967,0.0,0.2574293347605325,True
2010-07-20,1.1632465131775267,0.22829398425736752,0.8976843320107387,0.0,0.2655621811667879,True
2010-07-21,1.1419650391712424,0.22440497735389878,0.8857024004170756,0.0,0.25626263875416677,True
2010-07-22,1.1803382985393291,0.23174767704907542,0.9067976397207814,0.0,0.2735406588185476,True
2010-07-23,1.1942663911790645,0.2350071810158237,0.9136052132061315,0.0,0.28066117797293294,True
2010-07-26,1.2089612687116986,0.23725282549943214,0.9221317917904699,0.0,0.28682947692122873,True
2010-07-27,1.2086604574605682,0.23726115140070114,0.9218922856709755,0.0,0.2867681717895926,True
2010-07-28,1.1961490083573223,0.2348422194427992,0.9152427204503853,0.0,0.28090628790693695,True
2010-07-29,1.183850218243257,0.23163060043014982,0.9096342813722076,0.0,0.27421593687104956,True
2010-07-30,1.1866356718471682,0.23266499438539026,0.910547089919343,0.0,0.2760885819278252,True
2010-08-02,1.2203165762162786,0.23841549177477672,0.9293741995767628,0.0,0.2909423766395159,True
2010-08-03,1.2130925166251105,0.23735609668188296,0.9251576119649721,0.0,0.28793490466013844,True
2010-08-04,1.2291794266291862,0.24101572795866824,0.9329278523283344,0.0,0.29625157430085175,True
2010-08-05,1.2258416189453032,0.2402452656862308,0.9313389735125496,0.0,0.2945026454327537,True
2010-08-06,1.2218664679169835,0.23989648731896235,0.9287449942908715,0.0,0.29312147362611196,True
2010-08-09,1.2326486270391217,0.24195603498219265,0.9344018527144923,0.0,0.2982467743246295,True
2010-08-10,1.2197347576725068,0.23933408864963937,0.9278106510506687,0.0,0.29192410662183815,True
2010-08-11,1.1703674178293508,0.2288977645866635,0.9024729321431469,0.0,0.267894485686204,True
2010-08-12,1.156472408226306,0.22511890172339932,0.8961286098129854,0.0,0.2603437984133207,True
2010-08-13,1.1467825230027622,0.22249834288296225,0.891625311987505,0.0,0.2551572110152571,True
2010-08-16,1.1488167383510322,0.22335996765659788,0.8922170688295874,0.0,0.2565996695214448,True
2010-08-17,1.1697335057474167,0.22771001369939176,0.903373473129035,0.0,0.2663600326183818,True
2010-08-18,1.1747433808881829,0.2287764372862936,0.905989775482929,0.0,0.2687536054052539,True
2010-08-19,1.150117744982234,0.22508190006694812,0.891247057640919,0.0,0.2588706873413149,True
2010-08-20,1.148378215901463,0.22464802366687608,0.8903973192771062,0.0,0.2579808966243568,True
2010-08-23,1.135200599267097,0.2209843416975794,0.88433904214336,0.0,0.2508615571237371,True
2010-08-24,1.10599233643984,0.2138056270549656,0.8695249514293336,0.0,0.23646738501050651,True
2010-08-25,1.1189546005465125,0.2176650151062495,0.8753973305153484,0.0,0.24355727003116404,True
2010-08-26,1.1028084807291907,0.21364384748254694,0.8672002338698241,0.0,0.23560824685936652,True
2010-08-27,1.1225972956330463,0.21682119117106938,0.879194412788468,0.0,0.24340288284457823,True
2010-08-30,1.103745869319605,0.21337914007629738,0.8682295248614224,0.0,0.23551634445818262,True
2010-08-31,1.1010859338244166,0.21283495458840979,0.86673635910096,0.0,0.2343495747234565,True
2010-09-01,1.1466541080907209,0.22150682695208368,0.8926623949959737,0.0,0.25399171309474716,True
2010-09-02,1.1645122433155335,0.22559479283804978,0.9018043450273932,0.0,0.2627078982881404,True
2010-09-03,1.1912141531006903,0.23177073678076768,0.9151255711728652,0.0,0.2760885819278252,True
2010-09-07,1.1762522566411653,0.22900497207927978,0.9068846414508653,0.0,0.2693676151902999,True
2010-09-08,1.194407880558092,0.23348942979244094,0.9155262655869852,0.0,0.2788816149711068,True
2010-09-09,1.201832442160522,0.23498289783987297,0.919422372183671,0.0,0.282410069976851,True
2010-09-10,1.2088758817003775,0.23612795732709596,0.9234264890924753,0.0,0.28544939260790225,True
2010-09-13,1.2330347200204699,0.24170631633739856,0.9350024399282066,0.0,0.29803228009226335,True
2010-09-14,1.238497796687685,0.24368794892390463,0.9366908088660879,0.0,0.301806987821597,True
2010-09-15,1.248372005324692,0.24586610476629847,0.9414396430762171,0.0,0.30693236224847487,True
2010-09-16,1.254447903182796,0.24812486715886506,0.9431881838478479,0.0,0.31125971933494806,True
2010-09-17,1.2595350420220375,0.24975382823442893,0.9449613434816213,0.0,0.31457369854041617,True
2010-09-20,1.2914177924444699,0.25627796815573917,0.960455864556631,0.0,0.33096192788783885,True
2010-09-21,1.2893093964742834,0.2558880697496422,0.9593905037004028,0.0,0.32991889277388053,True
2010-09-22,1.284110095351379,0.2557054094671932,0.9557561976185982,0.0,0.3283538977327809,True
2010-09-23,1.2790548323488928,0.25594757927265677,0.9516838442521999,0.0,0.32737098809669296,True
2010-09-24,1.3170845904329196,0.2626322416156588,0.97117571205008,0.0,0.3459088783828395,True
2010-09-27,1.3081585227944752,0.26139724871430986,0.9662094840538236,0.0,0.34194903874065163,True
2010-09-28,1.3105133737904608,0.2615832182810171,0.9677050678740386,0.0,0.34280830591642225,True
2010-09-29,1.3061244033644666,0.2603480905986072,0.9660774088642826,0.0,0.34004699450018394,True
2010-09-30,1.2979291829016328,0.258444471355403,0.9624865613698701,0.0,0.3354426215317627,True
2010-10-01,1.2983214140801247,0.2575630783869421,0.9639217539339601,0.0,0.3343996601461647,True
2010-10-04,1.2778920691459588,0.2526023498401072,0.9550935296376527,0.0,0.32279853950830595,True
2010-10-05,1.3231601254594216,0.26212191532670387,0.9763308590900763,0.0,0.3468292663693454,True
2010-10-06,1.310052395681132,0.2579976599369977,0.9720619432005423,0.0,0.33799045248058984,True
2010-10-07,1.3145566124968144,0.2596345830320979,0.9732522545391169,0.0,0.34130435795769754,True
2010-10-08,1.3275102673703827,0.26228035134389305,0.9793304080318532,0.0,0.3481798593385294,True
2010-10-11,1.32887509319946,0.2625422134663884,0.9799892848105205,0.0,0.3488858083889394,True
2010-10-12,1.3409779096671075,0.2655739837910933,0.984849064020961,0.0,0.3561288456461466,True
2010-10-13,1.357490039017546,0.26871835540087735,0.9927075482596782,0.0,0.3647824907578678,True
2010-10-14,1.3525468634612265,0.26820352481230453,0.9897890272070987,0.0,0.3627578362541278,True
2010-10-15,1.3872003479713264,0.2781845491181787,1.0013026446343425,0.0,0.38589770333698403,True
2010-10-18,1.387820272188431,0.2780602871065345,1.0019225688514468,0.0,0.38589770333698403,True
2010-10-19,1.361222495287427,0.27222032890142317,0.9906700599122676,0.0,0.3705524353751593,True
2010-10-20,1.377370298691985,0.2746221714672685,0.9991138763506718,0.0,0.3782564223413131,True
2010-10-21,1.3820866897107322,0.275594127975633,1.0011917136731738,0.0,0.3808949760375585,True
2010-10-22,1.3938620326231024,0.2785942628934896,1.005540067069248,0.0,0.38832196555385434,True
2010-10-25,1.4036754779538094,0.28084446138853913,1.0094609943835715,0.0,0.39421448357023786,True
2010-10-26,1.4074849765298958,0.28176307371784426,1.0109076833311443,0.0,0.39657729319875135,True
2010-10-27,1.4116741750394168,0.2838187731956517,1.011014542527746,0.0,0.40065963251167097,True
2010-10-28,1.4151267551114861,0.28475278487228023,1.012165470646217,0.0,0.40296128446526897,True
2010-10-29,1.412416332497991,0.2839300143633094,1.0113889429248637,0.0,0.4010273895731274,True
2010-11-01,1.4138963027495173,0.2842845826582709,1.0119473824002985,0.0,0.40194892034921875,True
2010-11-02,1.4355178837595068,0.2884897789639865,1.021385646774877,0.0,0.41413223698462975,True
2010-11-03,1.4458767162479775,0.29056193132478997,1.02575998511742,0.0,0.4201167311305577,True
2010-11-04,1.4769267515982176,0.2945321512305034,1.0419243382401153,0.0,0.4350024133581024,True
2010-11-05,1.4794078809380022,0.29439023281363047,1.043884650442344,0.0,0.43552323049565816,True
2010-11-08,1.4802159290473065,0.2949763894758519,1.0435871786522881,0.0,0.4366287503950183,True
2010-11-09,1.4665923409806334,0.2929031007516295,1.0370228967688149,0.0,0.42956944421181864,True
2010-11-10,1.4778687705800877,0.29511226713677224,1.0417315671635636,0.0,0.436137203416524,True
2010-11-11,1.4652747629181442,0.29264290535118387,1.0364724991600114,0.0,0.42880226375813285,True
2010-11-12,1.4288731105567365,0.28482742233116715,1.0218908656385444,0.0,0.40698224491819207,True
2010-11-15,1.421846248656281,0.28317002323310403,1.0192220133903802,0.0,0.4026242352659009,True
2010-11-16,1.3855498319526935,0.276168416441753,1.0029047289611812,0.0,0.3826451029915124,True
2010-11-17,1.3908866242186906,0.2777117059987541,1.00462112695607,0.0,0.3862654972626206,True
2010-11-18,1.4243141087551665,0.2837996632596807,1.020094244314438,0.0,0.4042198644407285,True
2010-11-19,1.4270575292448537,0.28392057702670503,1.0218865320913508,0.0,0.40517099715350285,True
2010-11-22,1.4415981056610374,0.28846581098852736,1.0257463389920014,0.0,0.41585176666903595,True
2010-11-23,1.4063883957595809,0.2817212779427868,1.010178859622286,0.0,0.39620953613729487,True
2010-11-24,1.4471758875882401,0.2897709121227617,1.0278264106397286,0.0,0.41934947694851155,True
2010-11-26,1.4351656342527621,0.29035729585086634,1.0184548215930367,0.0,0.4167108126597255,True
2010-11-29,1.4305223017247481,0.2872449246526678,1.019612030951862,0.0,0.4109102707728862,True
2010-11-30,1.4058469039362302,0.2811751555396105,1.010557682057081,0.0,0.39528922187914933,True
2010-12-01,1.4523980622767152,0.2894690257728412,1.0319738101551121,0.0,0.4204242521216031,True
2010-12-02,1.4770125923690292,0.2932886674351661,1.0438215373681563,0.0,0.43319105500087274,True
2010-12-03,1.4833992985467666,0.2944672542053483,1.0465867802135604,0.0,0.43681251833320606,True
2010-12-06,1.481884153222552,0.2942505998644376,1.045838852207212,0.0,0.43604530101534006,True
2010-12-07,1.4828732246158136,0.2943237929037159,1.0464283527515235,0.0,0.43644487186429015,True
2010-12-08,1.4927779372470966,0.2964209365886611,1.0502873029694226,0.0,0.44249063427767393,True
2010-12-09,1.4957675780680588,0.29613565363646277,1.0528174686486453,0.0,0.4429501094194135,True
2010-12-10,1.511630566876212,0.29918003684642985,1.0593808781799974,0.0,0.45224968869621474,True
2010-12-13,1.504815066268062,0.2970069832592393,1.0578744830727327,0.0,0.4469405831953293,True
2010-12-14,1.5081277211854756,0.29759552902962166,1.0593156541550461,0.0,0.44881206703042936,True
2010-12-15,1.498796552770465,0.2963973972556867,1.0545571555135036,0.0,0.44423939725696127,True
2010-12-16,1.515213650701437,0.2993032317192313,1.0617053083014025,0.0,0.4535083424000346,True
2010-12-17,1.5176315128607287,0.29973653190006694,1.0627419064936021,0.0,0.45488960636712666,True
2010-12-20,1.5205304917206965,0.2999718683963595,1.064414119165604,0.0,0.4561163725550926,True
2010-12-21,1.5346427840626098,0.3021127754022637,1.0710075933183978,0.0,0.46363519074421194,True
2010-12-22,1.536702148750177,0.30202770752136127,1.0725755216200112,0.0,0.46412662713016584,True
2010-12-23,1.5310370611460602,0.3008398954040052,1.070440031811224,0.0,0.46059702933483626,True
2010-12-27,1.5317283312962287,0.30082491864938743,1.0709462806410788,0.0,0.46078205065514993,True
2010-12-28,1.5295229803879535,0.29995422976854136,1.0707360928924012,0.0,0.4587868874955524,True
2010-12-29,1.533812286370435,0.3008963530595196,1.0722937631236877,0.0,0.46151852324674747,True
2010-12-30,1.5282203724109678,0.2997279139714516,1.0701700680995534,0.0,0.4580503043114143,True
2010-12-31,1.5221851453533226,0.2981538213380067,1.0683398274822802,0.0,0.4538453178710424,True
2011-01-03,1.5565458690964864,0.30474306407984764,1.0821993115671937,0.0,0.4743465575292927,True
2011-01-04,1.555119861091913,0.3045488558114189,1.0815098867467583,0.0,0.4736099743451548,True
2011-01-05,1.5742833973506127,0.30830813375852245,1.0889190211064188,0.0,0.4853643762441939,True
2011-01-06,1.5793639168496396,0.31009519861884993,1.0896107493627059,0.0,0.48975316748693376,True
2011-01-07,1.5766716670771632,0.30990416980866126,1.088054543030777,0.0,0.4886171240463862,True
2011-01-10,1.583526048356889,0.31203230805358034,1.0894147606251234,0.0,0.4941112877317655,True
2011-01-11,1.5885042250688475,0.31248402561698024,1.0921220301097523,0.0,0.4963821949590951,True
2011-01-12,1.6073886329592115,0.31507565627459183,1.100939604541269,0.0,0.5064490284179426,True
2011-01-13,1.6082798877816207,0.3158931859140146,1.1002352301888507,0.0,0.5080446575927701,True
2011-01-14,1.6273664910105212,0.3189585622998522,1.10830401470285,0.0,0.5190624763076712,True
2011-01-18,1.6340073711383143,0.3201973502368203,1.1108025406323934,0.0,0.5232048305059208,True
2011-01-19,1.6047225768721645,0.31512097147493406,1.0990408395004485,0.0,0.5056817373717161,True
2011-01-20,1.5887482808241862,0.3111416280566628,1.0944225541563248,0.0,0.4943257266678614,True
2011-01-21,1.5745000927485808,0.30678446200787857,1.0914679288633526,0.0,0.4830321638852283,True
2011-01-24,1.6050990228829218,0.3133642565693449,1.102118360857033,0.0,0.5029806620258888,True
2011-01-25,1.6079275861450864,0.3139006631559674,1.10319805054737,0.0,0.5047295355977165,True
2011-01-26,1.6208165211535728,0.3162332394872088,1.1082604620547905,0.0,0.5125560590987823,True
2011-01-27,1.6354785074385298,0.3194403546099623,1.113040673065394,0.0,0.5224378343731358,True
2011-01-28,1.572242069050961,0.3072250599278245,1.089209905165733,0.0,0.4830321638852283,True
2011-01-31,1.5861251910087395,0.30904452026860885,1.095941892267488,0.0,0.4901832987412515,True
2011-02-01,1.6323930232284591,0.31696061013283866,1.1149887346093776,0.0,0.5174042886190815,True
2011-02-02,1.6281149521635432,0.3163609785116678,1.1130429127676074,0.0,0.5150720393959357,True
2011-02-03,1.6323243397940859,0.31676748528366644,1.1152570635101924,0.0,0.5170672762838936,True
2011-02-04,1.6463592021036426,0.3197342446857622,1.1199617861375804,0.0,0.5263974159660624,True
2011-02-07,1.6601367905054463,0.3216836836585138,1.126097872358632,0.0,0.5340389181468144,True
2011-02-08,1.677794863208869,0.32508475146780613,1.132369337088652,0.0,0.545425526120217,True
2011-02-09,1.6722228162210104,0.3241855526637399,1.1301123383674865,0.0,0.5421104778535238,True
2011-02-10,1.6759536808593387,0.32503894196181865,1.1312034696558038,0.0,0.544750211203535,True
2011-02-11,1.6945957833313878,0.32805529927959354,1.1386746564726722,0.0,0.5559211268587156,True
2011-02-14,1.7008279091854084,0.32891052533397425,1.1414077080725507,0.0,0.5594202011128577,True
2011-02-15,1.6968094398331175,0.3288393890157328,1.1388316603622675,0.0,0.5579777794708501,True
2011-02-16,1.71441616513141,0.33147704963899577,1.146126552860249,0.0,0.5682896122711611,True
2011-02-17,1.7154429177463806,0.33099221416209995,1.147644668132813,0.0,0.5677982496135676,True
2011-02-18,1.7121499553606023,0.3297469406262118,1.1475737456871387,0.0,0.5645762096734637,True
2011-02-22,1.6343066387862455,0.31503116643633655,1.119449112054766,0.0,0.5148575267314794,True
2011-02-23,1.6135494257125838,0.31120964227955,1.1113972861361971,0.0,0.5021521395763865,True
2011-02-24,1.6232650295848805,0.31375165822976464,1.1139629348062363,0.0,0.5093020947786442,True
2011-02-25,1.658780401123459,0.3201890334082988,1.1276571078511086,0.0,0.5311232932723505,True
2011-02-28,1.667314650714125,0.3208691911714009,1.132324747311257,0.0,0.5349899034028681,True
2011-03-01,1.6230423223377066,0.31377583543933735,1.1137708616927906,0.0,0.5092714606449161,True
2011-03-02,1.6343544304310869,0.31599835001934373,1.117901127068059,0.0,0.5164533033630277,True
2011-03-03,1.6858486402880923,0.3246236718665725,1.1385822644665031,0.0,0.5472663758215891,True
2011-03-04,1.6705504207429631,0.3227464285342332,1.1313862387618112,0.0,0.5391641819811519,True
2011-03-07,1.6370143934551438,0.31623500152135003,1.1193331442503844,0.0,0.5176812492047593,True
2011-03-08,1.6495634574461042,0.31710344621520525,1.1264812003392755,0.0,0.5230822571068288,True
2011-03-09,1.6343737250194557,0.31359123660791377,1.1218484475111221,0.0,0.5125252775083335,True
2011-03-10,1.5917921376992397,0.307249776688054,1.1027143588573483,0.0,0.4890777788418914,True
2011-03-11,1.6072117365435599,0.3093813362435388,1.1099704218654147,0.0,0.49724131467814503,True
2011-03-14,1.5970479387847085,0.30831446107998317,1.1046549642194032,0.0,0.49239297456530534,True
2011-03-15,1.5627364911324544,0.30220026476360246,1.0904771097564836,0.0,0.4722593813759708,True
2011-03-16,1.5047962692538492,0.2907900189492398,1.067216533602777,0.0,0.4375797356510721,True
2011-03-17,1.5282031060588488,0.29380725657405726,1.0792059439797455,0.0,0.44899716207910345,True
2011-03-18,1.526493393122742,0.2925273141424424,1.079952380776363,0.0,0.44654101234637916,True
2011-03-21,1.5701951869994581,0.3002567097520214,1.098733546482541,0.0,0.47146164051691725,True
2011-03-22,1.5660105341471453,0.3002357299411442,1.095838218331956,0.0,0.4701723158151893,True
2011-03-23,1.5777649911004872,0.3025119598707751,1.1004722114271828,0.0,0.4772927796733044,True
2011-03-24,1.6187690140750748,0.31088838212629705,1.1155125342530938,0.0,0.503256479821981,True
2011-03-25,1.6255330997079913,0.3118602596579892,1.1185939251504011,0.0,0.5069391745575902,True
2011-03-28,1.6125273378843277,0.30904701529152806,1.114180577035183,0.0,0.4983467608491448,True
2011-03-29,1.6359914671513927,0.3133560664592304,1.123343616243967,0.0,0.5126478509074257,True
2011-03-30,1.6500739377789944,0.3152570106396692,1.1298765608203611,0.0,0.5201973769586333,True
2011-03-31,1.6523058403937279,0.31616849617756165,1.1298987876110407,0.0,0.5224070527826872,True
2011-04-01,1.6557846996662264,0.31598602802126907,1.1325798691603055,0.0,0.5232048305059208,True
2011-04-04,1.6496544898407832,0.31429557149654685,1.1311753891844298,0.0,0.5184791006563534,True
2011-04-05,1.6421956233413537,0.31213488727538835,1.129609077565564,0.0,0.5125865457757895,True
2011-04-06,1.6492268651252244,0.31314873307245933,1.1327735617621968,0.0,0.5164533033630277,True
2011-04-07,1.6472683686333653,0.31344663674462636,1.1309376386694296,0.0,0.5163307299639357,True
2011-04-08,1.6349154929403258,0.3110847793529127,1.126318167558326,0.0,0.5085973253819998,True
2011-04-11,1.62673643665554,0.30981846715988864,1.122743447377781,0.0,0.5039929892777587,True
2011-04-12,1.6087405977865687,0.30710354821386476,1.1146906520506197,0.0,0.4940499457359492,True
2011-04-13,1.6252293475051747,0.31123911568605594,1.1193944026006384,0.0,0.5058349449045363,True
2011-04-14,1.62190797262077,0.3101733100270663,1.1188354081936973,0.0,0.5030725644270726,True
2011-04-15,1.6197110338042018,0.30858590854435203,1.1198910328584204,0.0,0.4998200009457813,True
2011-04-18,1.5998440082795673,0.3063944335850484,1.1096607095383157,0.0,0.4901832987412515,True
2011-04-19,1.6153221616339262,0.3089303944949518,1.116300049003919,0.0,0.4990221126300071,True
2011-04-20,1.6687600828097406,0.31893659921374734,1.1365314170947505,0.0,0.5322286657149901,True
2011-04-21,1.6896829541009277,0.3229789214157154,1.1439509760508904,0.0,0.5457319780500374,True
2011-04-25,1.6946053653437856,0.3244309942710045,1.1448228617683223,0.0,0.5497825035754632,True
2011-04-26,1.7122134983364643,0.3266153317538264,1.1529783185439204,0.0,0.559235179792544,True
2011-04-27,1.731498877876887,0.32967756698434925,1.1606625405823041,0.0,0.5708363372945829,True
2011-04-28,1.7316398145704874,0.3291546253694157,1.1616625601307742,0.0,0.5699772544397133,True
2011-04-29,1.7297515906042988,0.3279169546906384,1.1625367166420493,0.0,0.5672148739622496,True
2011-05-02,1.7247058277054308,0.32709694350678464,1.1605598230146452,0.0,0.5641460046907856,True
2011-05-03,1.7113922332889668,0.3246917766243254,1.1557172485613003,0.0,0.5556749847276666,True
2011-05-04,1.7034217120582866,0.3243015120771056,1.1509994751328123,0.0,0.5524222369254743,True
2011-05-05,1.6867857542850082,0.32258766340927325,1.1426494791381587,0.0,0.5441362751468494,True
2011-05-06,1.6958969761337852,0.3236411900681749,1.1470348605448277,0.0,0.5488621155889574,True
2011-05-09,1.7062308156860393,0.32517039858584224,1.1514150612699632,0.0,0.5548157544160761,True
2011-05-10,1.7302909564863203,0.32887925038943927,1.1612341637614734,0.0,0.5690567927248469,True
2011-05-11,1.7076855226027652,0.3260438685372648,1.1509051285682788,0.0,0.5567803940344863,True
2011-05-12,1.7236731716347662,0.32871713174256123,1.1570722705933825,0.0,0.5666009010413838,True
2011-05-13,1.6922967272101088,0.32295151544637846,1.1457669345726575,0.0,0.5465297926374512,True
2011-05-16,1.6503382842160579,0.3139418400607508,1.1322280465465664,0.0,0.5181102376694916,True
2011-05-17,1.6560666582139154,0.3154134799226054,1.1337209105628643,0.0,0.522345747651051,True
2011-05-18,1.6785645295847544,0.31875519960062887,1.1435133579144303,0.0,0.5350511716703241,True
2011-05-19,1.686205283410498,0.32004140485378185,1.1465497756359329,0.0,0.5396555077745652,True
2011-05-20,1.6654099989522433,0.31688776105070093,1.1376619531528167,0.0,0.5277480457994266,True
2011-05-23,1.6275458750483174,0.31019229040790103,1.1226936923231483,0.0,0.5048521827251691,True
2011-05-24,1.6141134749150208,0.3068800103234472,1.1187743150698841,0.0,0.49533915984513677,True
2011-05-25,1.6236780950112246,0.30847429910540036,1.1228151326798455,0.0,0.5008629623313792,True
2011-05-26,1.639116294691385,0.31129847759902574,1.1288618875462009,0.0,0.5102544071451842,True
2011-05-27,1.6517559764052279,0.3135239474865859,1.1338909223981009,0.0,0.5178650540071271,True
2011-05-31,1.691760282043452,0.3208407327033841,1.1489746735941473,0.0,0.5427856084493049,True
2011-06-01,1.6316749771874788,0.3114014780470616,1.1235689775988924,0.0,0.5081059995885864,True
2011-06-02,1.635205371622066,0.3125308867848643,1.124153186753648,0.0,0.5110521848684179,True
2011-06-03,1.5979644176318466,0.3052945763256258,1.1101145477675067,0.0,0.48784986986434,True
2011-06-06,1.5757752531365707,0.302114701794021,1.0997103824408176,0.0,0.47606487069575304,True
2011-06-07,1.5716893859469732,0.3011432159405468,1.0983857898032783,0.0,0.47330359614369477,True
2011-06-08,1.5552628266982398,0.29777244239419615,1.0921484162274036,0.0,0.4631144104708363,True
2011-06-09,1.5624414878949364,0.2977008340084983,1.097301353859135,0.0,0.4651401340358015,True
2011-06-10,1.5250450493699084,0.2909946072966139,1.0812651641188666,0.0,0.4437798852510417,True
2011-06-13,1.5257751560822161,0.29105613944364933,1.0816889294938947,0.0,0.44408622658832136,True
2011-06-14,1.5560758064033067,0.29599909428542187,1.0954787770684704,0.0,0.46059702933483626,True
2011-06-15,1.510775668600823,0.28821703994846615,1.075344377370529,0.0,0.43543129123029406,True
2011-06-16,1.5038050373211311,0.2855124377723547,1.074449995181228,0.0,0.429355042139903,True
2011-06-17,1.500534286006551,0.28400790534651355,1.074370686537204,0.0,0.4261635994693468,True
2011-06-20,1.5117249063128804,0.2856403824783375,1.0799152258716402,0.0,0.4318096804412401,True
2011-06-21,1.5594957729531014,0.29534996972940675,1.0988987436182651,0.0,0.46059702933483626,True
2011-06-22,1.5418326185229672,0.292005662047811,1.0916087639842582,0.0,0.450223854538709,True
2011-06-23,1.557799797795327,0.2970112927313321,1.0951156660355292,0.0,0.46268413175979783,True
2011-06-24,1.5175745471868485,0.2888268295744439,1.0792583020799988,0.0,0.43831624510684974,True
2011-06-27,1.5523155879796366,0.29608369572252435,1.0927002517629425,0.0,0.4596153362166942,True
2011-06-28,1.5881794642527585,0.3023834271147626,1.1079403149787217,0.0,0.48023914927403677,True
2011-06-29,1.601211303887299,0.30367897269076305,1.114957100061967,0.0,0.4862542038253322,True
2011-06-30,1.6324440211037352,0.3091864278791358,1.1277144855060188,0.0,0.5047295355977165,True
2011-07-01,1.6726612999111061,0.31573383447370346,1.1445455339144033,0.0,0.5281157659967028,True
2011-07-05,1.6826680878698816,0.31837918033210666,1.1469416012828755,0.0,0.5357264865870062,True
2011-07-06,1.6909345923061097,0.32019874011462984,1.1494994662334481,0.0,0.5414351260726615,True
2011-07-07,1.7266857660978037,0.3262598003065268,1.163337612858612,0.0,0.5633481532391916,True
2011-07-08,1.71632336124676,0.32551190776267525,1.15763966958968,0.0,0.5586836916570801,True
2011-07-11,1.6654122406977376,0.3174767276260157,1.1366826123727096,0.0,0.5287296283250281,True
2011-07-12,1.645752273415288,0.31343671299627895,1.129913090429847,0.0,0.5158391829854413,True
2011-07-13,1.6568772296821483,0.3154817999026936,1.1341626190442355,0.0,0.5227146106379128,True
2011-07-14,1.628399468458083,0.30995437260590636,1.1236699328603663,0.0,0.5047295355977165,True
2011-07-15,1.6592125494599448,0.31629573962082935,1.1344106889403496,0.0,0.5248018605195951,True
2011-07-18,1.642866423021185,0.3141745472038121,1.1267196084521578,0.0,0.5161468145690272,True
2011-07-19,1.7012344290957864,0.32479053899845334,1.14868958190704,0.0,0.5525448471887465,True
2011-07-20,1.6907150802863118,0.322237331817559,1.1459035639511408,0.0,0.5448115163351711,True
2011-07-21,1.713524128837981,0.324395764161637,1.1576641596541808,0.0,0.5558599691838002,True
2011-07-22,1.7371446062443257,0.3299134625399326,1.1640372142656925,0.0,0.5731073919786333,True
2011-07-25,1.7293538328940716,0.3294479475168496,1.1596217621167229,0.0,0.5697320707773488,True
2011-07-26,1.7317797527417196,0.3307938960165948,1.1589175812896308,0.0,0.5728621714520886,True
2011-07-27,1.661493116469415,0.3186320856357372,1.1320880994993445,0.0,0.5294050169700706,True
2011-07-28,1.6636439453370104,0.3199174121402369,1.1314152796220205,0.0,0.5322286657149901,True
2011-07-29,1.6527745827187168,0.31890176458046743,1.1257018518359723,0.0,0.5270727308827445,True
2011-08-01,1.6406401908169679,0.3169203521496786,1.1206879237923384,0.0,0.5199522670246294,True
2011-08-02,1.572685660701799,0.3055182827377266,1.0922014383579384,0.0,0.4804842223438605,True
2011-08-03,1.5933459709358146,0.30937696233016493,1.100401434506685,0.0,0.4929445364291296,True
2011-08-04,1.4749170801503526,0.28873216703581017,1.0490610754004115,0.0,0.42585600474994106,True
2011-08-05,1.4614483641807503,0.28496695224756347,1.0449838779729748,0.0,0.4164644862077756,True
2011-08-08,1.322808358093104,0.25952335912731894,0.9795086895190882,0.0,0.3432996685740158,True
2011-08-09,1.4162203390214048,0.27560480382816516,1.0259032103079528,0.0,0.3903171287134518,True
2011-08-10,1.3265334827448167,0.25953459095175097,0.9822521579168391,0.0,0.34428132482797763,True
2011-08-11,1.4144014787308006,0.27465693364183186,1.0259263056441261,0.0,0.38847517308667434,True
2011-08-12,1.4322781668136388,0.2781289720925179,1.0339201125272055,0.0,0.3983580542864333,True
2011-08-15,1.468029707593057,0.28306255897185206,1.0524854619150665,0.0,0.4155442456779905,True
2011-08-16,1.4484030776497714,0.2795247501244263,1.043538569290269,0.0,0.4048645083595024,True
2011-08-17,1.4390868736905162,0.27677049474959853,1.040790087671539,0.0,0.3982967860189772,True
2011-08-18,1.333344568090719,0.2554008416956799,0.9928072431299866,0.0,0.3405373249607324,True
2011-08-19,1.2971850982980124,0.24780422390056875,0.9757371517588905,0.0,0.32144794653912195,True
2011-08-22,1.302215408125131,0.24906246088041414,0.9778824339810931,0.0,0.32433297414403794,True
2011-08-23,1.3786073475924099,0.26437998239403465,1.0141311613076418,0.0,0.36447618628476813,True
2011-08-24,1.3983192563263103,0.2667987142128865,1.0252494766793312,0.0,0.3730697796469792,True
2011-08-25,1.3642141860202812,0.2603300687777478,1.0090682131460422,0.0,0.355145972874239,True
2011-08-26,1.409858783044489,0.27010015344519656,1.0290557094081145,0.0,0.3808030736363746,True
2011-08-29,1.4713859288004478,0.28083172532103534,1.058174079802324,0.0,0.41321184899812385,True
2011-08-30,1.4846775639736194,0.28398123520389745,1.0630569954768774,0.0,0.4216205684967419,True
2011-08-31,1.4903625933015756,0.2845458293748205,1.0662861331213707,0.0,0.42407646018020506,True
2011-09-01,1.467968638696504,0.28073323340669215,1.0558610562156143,0.0,0.41210758248088986,True
2011-09-02,1.4132449804955187,0.27119001900747103,1.029987047372726,0.0,0.3832579331227927,True
2011-09-06,1.4095219237249146,0.27186281013232527,1.0263253325979382,0.0,0.38319659112697635,True
2011-09-07,1.4659697447325168,0.28115786560923267,1.0538008202558107,0.0,0.41216892447670606,True
2011-09-08,1.4523749209138086,0.27985908872585963,1.0459145990585776,0.0,0.40646032185523095,True
2011-09-09,1.4002727442263978,0.2711606332044198,1.0205739002430771,0.0,0.3796988439833206,True
2011-09-12,1.424339131803685,0.2765765312280855,1.030400355436999,0.0,0.3939387763666861,True
2011-09-13,1.4512352126694712,0.2819822900049335,1.042012584065137,0.0,0.40922262860433417,True
2011-09-14,1.4835712986243772,0.287751688230382,1.0566711528350725,0.0,0.42690014578930474,True
2011-09-15,1.519910358311896,0.2936330907280734,1.0736143821711603,0.0,0.4462959761407356,True
2011-09-16,1.5396704321360979,0.2974391673433195,1.081712140818408,0.0,0.4579582913176899,True
2011-09-19,1.5356416363890346,0.2989785675351456,1.0765176996941141,0.0,0.4591239366949205,True
2011-09-20,1.526133008886153,0.29657872931901264,1.0735144203388964,0.0,0.4526185885472567,True
2011-09-21,1.477969254092507,0.2906691827452846,1.04836913888278,0.0,0.42960011520972685,True
2011-09-22,1.4021885892513466,0.2765683617256019,1.0143875882917688,0.0,0.3878010009595778,True
2011-09-23,1.4227318744834476,0.28107363190903,1.0228394592896428,0.0,0.39989241519380486,True
2011-09-26,1.4544082124681472,0.28427850740382365,1.040951216671839,0.0,0.4134569957963081,True
2011-09-27,1.478289894631235,0.28824001022073115,1.0521876002935244,0.0,0.42610229433771074,True
2011-09-28,1.4396816606035403,0.2820277065294683,1.0336515437309874,0.0,0.40603011687255286,True
2011-09-29,1.4255759231702902,0.2763794811891873,1.0315759891286886,0.0,0.39399993404160155,True
2011-09-30,1.3687511581970955,0.265476142103563,1.0053803812191469,0.0,0.36337077697794856,True
2011-10-03,1.3130370968495695,0.25505069400345026,0.9781460740458113,0.0,0.3348910228037582,True
2011-10-04,1.3541780179991758,0.26234993087102904,0.9989095085900249,0.0,0.3552685094091509,True
2011-10-05,1.4032573462887317,0.27242064891365575,1.0209810694199009,0.0,0.3822762768688308,True
2011-10-06,1.4407175018421028,0.2789708939035012,1.038799252490792,0.0,0.4019182493513106,True
2011-10-07,1.4255167492527119,0.27613219645513815,1.0318856781979722,0.0,0.39363107105473977,True
2011-10-10,1.5010053688917004,0.2891525325072502,1.066985865169686,0.0,0.4340195037220145,True
2011-10-11,1.51443335200511,0.29270911676514105,1.0711449031400224,0.0,0.4432884488650877,True
2011-10-12,1.5289146728296206,0.29459390873252206,1.0785057232422375,0.0,0.45040894958738303,True
2011-10-13,1.5448886142745744,0.2993745933605475,1.082388213588784,0.0,0.4625004006857904,True
2011-10-14,1.5896562960793408,0.30696802886567054,1.1016826362979628,0.0,0.487973659781378,True
2011-10-17,1.5480307116642757,0.3006305457582516,1.08264539396611,0.0,0.4653853176981658,True
2011-10-18,1.5822006724756177,0.3048064816842343,1.099935652179895,0.0,0.48226502029572255,True
2011-10-19,1.537267615021555,0.29562803310474756,1.0828082136371064,0.0,0.45445940138444857,True
2011-10-20,1.5312010054125327,0.29303106201022394,1.0825115486453756,0.0,0.4486894567671571,True
2011-10-21,1.5642279861086996,0.2970466592953278,1.099579288458852,0.0,0.4646486976498477,True
2011-10-24,1.6114192389143427,0.30636417121709064,1.1177381193010751,0.0,0.4936811196132676,True
2011-10-25,1.561575376120685,0.29821913572454734,1.0958837170852394,0.0,0.4656916590354456,True
2011-10-26,1.564631799439844,0.2964600893504131,1.10078091637741,0.0,0.4638508830624338,True
2011-10-27,1.6363700589575165,0.3063070904079,1.1351383073676358,0.0,0.5012317515898806,True
2011-10-28,1.6387625478140944,0.3068710352793307,1.1358737881893894,0.0,0.5028887596247048,True
2011-10-31,1.5906119853102287,0.30049320576241284,1.1126438907202423,0.0,0.4779680945899865,True
2011-11-01,1.5235892398681228,0.28941932066672355,1.082633077090361,0.0,0.4409561627777618,True
2011-11-02,1.5478859110519547,0.2918945405622929,1.0960664642025981,0.0,0.4518194468493565,True
2011-11-03,1.5967352353143318,0.3001867502430186,1.1174164740268009,0.0,0.47931876128753087,True
2011-11-04,1.5830159090849247,0.29809669373960757,1.1111241004495096,0.0,0.47189180863541524,True
2011-11-07,1.6009059184135728,0.30132152291118924,1.118518509039659,0.0,0.48238740937391383,True
2011-11-08,1.6306003123743018,0.3056967998848475,1.132131014990245,0.0,0.4984692973840567,True
2011-11-09,1.5382473043465157,0.29053194805736365,1.0913373184207342,0.0,0.4469099859257815,True
2011-11-10,1.541256555036246,0.28876954658608206,1.0961885984656026,0.0,0.4450679565706436,True
2011-11-11,1.5868834152902134,0.29620937359795474,1.1168336728741162,0.0,0.47004974241609715,True
2011-11-14,1.5701381627236946,0.29428630537671036,1.1080680038847623,0.0,0.46207015883893215,True
2011-11-15,1.5938986883505797,0.2992192037210009,1.1169735920103714,0.0,0.47692509634020824,True
2011-11-16,1.5523076503261843,0.2920918909133476,1.0988911734631537,0.0,0.45341647686303077,True
2011-11-17,1.4995239302336087,0.28157901262934026,1.0772894625443614,0.0,0.4222344676892473,True
2011-11-18,1.4846752162592463,0.27757423170249096,1.0725676337783563,0.0,0.41210758248088986,True
2011-11-21,1.4402750865416833,0.26951010117430074,1.0521064022490096,0.0,0.3881686842926738,True
2011-11-22,1.4433276314174954,0.2712794398835323,1.0517825199981319,0.0,0.39154511141936355,True
2011-11-23,1.393833249207454,0.2622401741024926,1.0283141752654483,0.0,0.3655190739420058,True
2011-11-25,1.3806212490119965,0.2587480640000613,1.023388173712796,0.0,0.3572330752992006,True
2011-11-28,1.4501372587948547,0.27178287309440713,1.0560147882183413,0.0,0.39412247057651345,True
2011-11-29,1.4412359865017053,0.2685209411971067,1.0542339429191268,0.0,0.38700204358257845,True
2011-11-30,1.5248851978726203,0.28164577155148585,1.095407729790346,0.0,0.4294774680822743,True
2011-12-01,1.5377935294101845,0.2852692337639943,1.0991083475881127,0.0,0.43868518182207183,True
2011-12-02,1.5315866384414636,0.28369985238702833,1.0970757351976754,0.0,0.43451090324378816,True
2011-12-05,1.5578081268606194,0.28806551399068686,1.109057328097646,0.0,0.44875079876297347,True
2011-12-06,1.5529972703524875,0.2867450282493666,1.1076830241940743,0.0,0.44531424615841325,True
2011-12-07,1.5557341462518401,0.2866746386491661,1.1097446220409248,0.0,0.4459895242109152,True
2011-12-08,1.5115192521913743,0.2800352327495195,1.088240606598583,0.0,0.4232786455927912,True
2011-12-09,1.549535160273398,0.28611788134857147,1.1061854431408542,0.0,0.4433497171325438,True
2011-12-12,1.5207058683242787,0.28197580655794124,1.0919036045661459,0.0,0.42880226375813285,True
2011-12-13,1.4951183031537858,0.277113385807108,1.0808010079846622,0.0,0.4143172951691237,True
2011-12-14,1.46165949329535,0.270270151224308,1.0666165610039704,0.0,0.3950429322913796,True
2011-12-15,1.4590604858399236,0.2686482868175624,1.067086385955828,0.0,0.39197409988409576,True
2011-12-16,1.467509279138975,0.270447932899504,1.0706244280849981,0.0,0.3968848510539769,True
2011-12-19,1.4455295776493773,0.2669593962681171,1.0596318743123934,0.0,0.38589770333698403,True
2011-12-20,1.5115148350428589,0.2779644825521893,1.0913673960502128,0.0,0.420147438992646,True
2011-12-21,1.487273965261722,0.2707334887885111,1.0846190958620932,0.0,0.40265486939962886,True
2011-12-22,1.50652190419109,0.2737930757372292,1.0940466383771041,0.0,0.4124752658139859,True
2011-12-23,1.5268160895426843,0.2771493404424654,1.1036600173489852,0.0,0.42315607219369916,True
2011-12-27,1.532563725431634,0.27823231046881036,1.106154979164103,0.0,0.42640874626753106,True
2011-12-28,1.505224842756462,0.27419184431755095,1.0925044670084723,0.0,0.4127203757479899,True
2011-12-29,1.5228411807691167,0.2763002585082475,1.1020797688556048,0.0,0.4207614119135118,True
2011-12-30,1.5151210300077793,0.2754399247185083,1.0977962075630079,0.0,0.4173248224447715,True
2012-01-03,1.558142057564232,0.283079900944456,1.1170633582515583,0.0,0.4410786993126737,True
2012-01-04,1.5666528404960145,0.28491132322227225,1.1202957066803636,0.0,0.4463571338156509,True
2012-01-05,1.5837385802947694,0.28877510924026484,1.1263942987621256,0.0,0.45734428153264395,True
2012-01-06,1.5889681966247522,0.2907988717586988,1.12689803778582,0.0,0.46207015883893215,True
2012-01-09,1.5846172874099311,0.2891571855365728,1.1264138124298768,0.0,0.4582034749800542,True
2012-01-10,1.6029974277860892,0.29170033265460543,1.1354025448564102,0.0,0.46759488292967905,True
2012-01-11,1.6077317146090033,0.29286457642005315,1.1368840470129518,0.0,0.47084766759605157,True
2012-01-12,1.6169295335390559,0.2946533684988857,1.1404957998564411,0.0,0.47643373368261477,True
2012-01-13,1.6064648419770515,0.2931717403530644,1.1354947484386286,0.0,0.47097009353842284,True
2012-01-17,1.6264856017425375,0.2973377317440893,1.1428700622059913,0.0,0.4836155395365463,True
2012-01-18,1.6596071430015265,0.30297974193526694,1.1567797991009983,0.0,0.5028273439005282,True
2012-01-19,1.6763219897004222,0.30596327196846557,1.1634290288589926,0.0,0.5128929608414297,True
2012-01-20,1.6753445891111525,0.3047863071257412,1.1647224986328721,0.0,0.5106220904782803,True
2012-01-23,1.6739776417029808,0.30499859107521754,1.1634168194921564,0.0,0.5105608222108244,True
2012-01-24,1.669421269199223,0.3041396337962394,1.161684095733318,0.0,0.5077371734659049,True
2012-01-25,1.7009775776835703,0.3099006593587341,1.1738435048050093,0.0,0.5271340728785608,True
2012-01-26,1.6903410085693364,0.30854598593988003,1.1687930755056992,0.0,0.5215479330636371,True
2012-01-27,1.696977770375466,0.3103775449285857,1.1702739762079435,0.0,0.5267037941675224,True
2012-01-30,1.6963238789625263,0.31100366934256124,1.168760928211774,0.0,0.5275629507507524,True
2012-01-31,1.6987167734696782,0.31164996145222346,1.1693117564996076,0.0,0.5294050169700706,True
2012-02-01,1.7215815045113714,0.3150688522018101,1.1791647959131082,0.0,0.5424167085982631,True
2012-02-02,1.7299380407760183,0.3167760613899809,1.1819350817702912,0.0,0.5480029590057273,True
2012-02-03,1.768122798710532,0.3222589591564046,1.1983293859373667,0.0,0.5697934127731651,True
2012-02-06,1.7666865542570733,0.32220807357361253,1.1974458830014982,0.0,0.5692406712555751,True
2012-02-07,1.7719108551557592,0.3226434852601873,1.200215361277946,0.0,0.5716954938778132,True
2012-02-08,1.7863935168941085,0.3253535515719083,1.2051840416675785,0.0,0.58120947522653,True
2012-02-09,1.8043830667744194,0.3292537458600579,1.2102831830724827,0.0,0.5940998837019366,True
2012-02-10,1.782973193645008,0.3260808159256119,1.2015798398877497,0.0,0.5813933537572582,True
2012-02-13,1.8086760070422838,0.3301012938979575,1.2116297168754346,0.0,0.5970462901668492,True
2012-02-14,1.8146694124380258,0.33188600554238884,1.2124060297640156,0.0,0.6022633826740101,True
2012-02-15,1.7941815758209152,0.3281832514661418,1.2053612325473613,0.0,0.5888203432735539,True
2012-02-16,1.8337263338036078,0.3345289159793407,1.2202918511535161,0.0,0.6134344826500916,True
2012-02-17,1.8282059549264986,0.33268527770793893,1.2199887491044688,0.0,0.6082172058220299,True
2012-02-21,1.835361123939991,0.3341975627477062,1.2219879095573551,0.0,0.6133732143826357,True
2012-02-22,1.822503176830724,0.33210959906784043,1.2172323774736067,0.0,0.6052707993571173,True
2012-02-23,1.840702549378685,0.3350614281484851,1.2239541243873053,0.0,0.6167484249913796,True
2012-02-24,1.8501747874870098,0.3365977438500865,1.2274101282905692,0.0,0.6227646591964408,True
2012-02-27,1.8550765004304681,0.33732958523644646,1.2293043139583797,0.0,0.6257721864720884,True
2012-02-28,1.8818270240515642,0.34248239606575925,1.2373343958730874,0.0,0.6444926281784769,True
2012-02-29,1.8681559953975087,0.3404548205330302,1.2321332812567454,0.0,0.6360227141407633,True
2012-03-01,1.8916938038021471,0.3443953530916252,1.240203248300467,0.0,0.6514905555016801,True
2012-03-02,1.8873608692363835,0.3441450971029325,1.2378348796247531,0.0,0.6495259896116303,True
2012-03-05,1.8581880901460641,0.33864721868910563,1.2289178616168783,0.0,0.6292702285291857,True
2012-03-06,1.8251265533421828,0.33489447934816324,1.2139017465161448,0.0,0.611224806826038,True
2012-03-07,1.8479112880946764,0.33827218123250113,1.2228143059467294,0.0,0.625096982147947,True
2012-03-08,1.8804056399571567,0.34297013735428367,1.2354826593392811,0.0,0.6449229806178757,True
2012-03-09,1.8931651714798008,0.34477564757389145,1.240447923518515,0.0,0.6527172479612856,True
2012-03-12,1.8945405134275632,0.3450766059380585,1.240778903241833,0.0,0.6537616101857303,True
2012-03-13,1.954091719056518,0.3534070230485498,1.2635019818609308,0.0,0.6905897371955871,True
2012-03-14,1.963341292698583,0.355680916905256,1.2650182615136003,0.0,0.6983230311849825,True
2012-03-15,1.9741504218438453,0.35643829360609663,1.2704876141600692,0.0,0.7036628076837761,True
2012-03-16,1.9730473853945583,0.3558599381354226,1.2709188648897933,0.0,0.7021285205047648,True
2012-03-19,1.9953123529921777,0.35954892402222577,1.2778999433855847,0.0,0.717412409606593,True
2012-03-20,1.9985247913949364,0.3609364091147669,1.2771844296620096,0.0,0.7213403617329269,True
2012-03-21,1.9973292486189869,0.361029791602987,1.2762338862275233,0.0,0.7210953623914634,True
2012-03-22,1.9870429657573998,0.36070540189899364,1.2703058342033087,0.0,0.7167371315540911,True
2012-03-23,1.9877353581576553,0.3600858814019143,1.271979919721706,0.0,0.7157554384359491,True
2012-03-26,2.045158376732184,0.3682532209119467,1.2920222172255085,0.0,0.7531361595066752,True
2012-03-27,2.04698374873416,0.3693337897648695,1.2909634832270733,0.0,0.7560202655070868,True
2012-03-28,2.032389107187007,0.3676369541558658,1.2852077661612165,0.0,0.7471813410257907,True
2012-03-29,2.0211600132477887,0.36588364314802513,1.281650624215577,0.0,0.7395093890322116,True
2012-03-30,2.017423514862259,0.3640055072567169,1.2830702449831937,0.0,0.7343532698790652,True
2012-04-02,2.051167674644006,0.36893955326531036,1.294410789088601,0.0,0.756756885555405,True
2012-04-03,2.048394333479971,0.3694695144281732,1.2915750737317042,0.0,0.7568192597482664,True
2012-04-04,2.00231706408968,0.36255232043742613,1.276372366252512,0.0,0.725944697837168,True
2012-04-05,2.019238024299793,0.36608001144860663,1.2800353452466626,0.0,0.7392026790531301,True
2012-04-09,1.9902281312372567,0.3628732871907478,1.2680275069956943,0.0,0.7222006242415624,True
2012-04-10,1.9345338696943783,0.35529797020557546,1.2471979124980284,0.0,0.6873359571963499,True
2012-04-11,1.952542934296627,0.3571137841955872,1.2552629382256026,0.0,0.6972799960710242,True
2012-04-12,1.9913068790508988,0.36190558635739256,1.2706417953704738,0.0,0.7206650836804249,True
2012-04-13,1.9415190227621602,0.3543989772918528,1.2534466667025732,0.0,0.688072356059587,True
2012-04-16,1.9124347698647393,0.3484594021354364,1.2460288933346513,0.0,0.666405876530088,True
2012-04-17,1.9736056112818416,0.357563188681503,1.2679168957121993,0.0,0.7056887155696422,True
2012-04-18,1.9646936167837656,0.3565608457304198,1.2641607991821888,0.0,0.7005328176015768,True
2012-04-19,1.9308685493941455,0.3510767715757086,1.2529854527357773,0.0,0.6778830966583682,True
2012-04-20,1.9228982794330354,0.34873334769806147,1.2523195251635106,0.0,0.6705787542695248,True
2012-04-23,1.8950345965249173,0.3449542659477872,1.2413343283350033,0.0,0.653700268189914,True
2012-04-24,1.882516162237442,0.34111812256214524,1.240355783282111,0.0,0.6421603789553311,True
2012-04-25,1.958493222014368,0.353928826075964,1.2653260150690904,0.0,0.6931672069452776,True
2012-04-26,1.9790141651177944,0.3565240298643206,1.2734480598114244,0.0,0.70556610530637,True
2012-04-27,1.9959611189069628,0.35955484096274565,1.278303636230546,0.0,0.7176574826764168,True
2012-04-30,1.9741159293434323,0.3559782748254374,1.2713735465103422,0.0,0.7027423828330901,True
2012-05-01,1.983107627048075,0.3563764130808382,1.2763748441674294,0.0,0.7067327828806456,True
2012-05-02,1.987680921523974,0.35790323340137653,1.276283492740316,0.0,0.711397428783658,True
2012-05-03,1.9539615279861668,0.3527706998100931,1.264661152356488,0.0,0.6893003756296789,True
2012-05-04,1.8774420503696958,0.34020898092233065,1.2387194036726907,0.0,0.6387226466970052,True
2012-05-07,1.8793885881848222,0.3403463242463976,1.2397455903654915,0.0,0.6396429978193309,True
2012-05-08,1.8675465784682679,0.33872518249565375,1.23496152285747,0.0,0.6325850556107978,True
2012-05-09,1.8584708246309958,0.3384965601930083,1.2293848432743402,0.0,0.6290859813566556,True
2012-05-10,1.8520515019569506,0.3361899040486814,1.2294104852208272,0.0,0.6226410167361235,True
2012-05-11,1.849489898343657,0.33632418709716205,1.2274617117388136,0.0,0.6220281866048433,True
2012-05-14,1.8197763919325083,0.33237099457344366,1.2149355026446276,0.0,0.6048408892878806,True
2012-05-15,1.8090035719143625,0.3314323716662876,1.2094412277219997,0.0,0.5995623441923628,True
2012-05-16,1.7895742768048786,0.3277590985340679,1.2030250250795549,0.0,0.5865492517253236,True
2012-05-17,1.7318510065008308,0.3178435707421467,1.1813932986012259,0.0,0.5504577078996048,True
2012-05-18,1.697028518221575,0.3113447241796562,1.168667642290868,0.0,0.5283608759307069,True
2012-05-21,1.767847834837926,0.32401029766068434,1.1950469316532935,0.0,0.5728009031846327,True
2012-05-22,1.766132756967305,0.32314322656233724,1.195418919343454,0.0,0.5707138376238512,True
2012-05-23,1.7707891990745728,0.32409570264026566,1.1968840293727059,0.0,0.5739051697018669,True
2012-05-24,1.7577319526217283,0.3206366586195088,1.1941386525843525,0.0,0.5635933000373757,True
2012-05-25,1.7518347634844598,0.31989428613719323,1.1914328323892798,0.0,0.56040193109518,True
2012-05-29,1.7875009014504797,0.3251863071792972,1.2062300842281333,0.0,0.5812708172223463,True
2012-05-30,1.7595471600814059,0.32232923786823287,1.1923936649791527,0.0,0.5671534951022531,True
2012-05-31,1.7475504196247584,0.3199057198648484,1.1884990446345822,0.0,0.5590513749901762,True
2012-06-01,1.6728411252319093,0.3079209014464026,1.1577383779738852,0.0,0.515102747258024,True
2012-06-04,1.6880262275887257,0.3116961267375674,1.1618749906178925,0.0,0.5261512369708332,True
2012-06-05,1.7020543612206038,0.3133825879199088,1.1686601607209237,0.0,0.5333942004996801,True
2012-06-06,1.7650284140811958,0.3228586443676404,1.1951737330405747,0.0,0.5698546810406211,True
2012-06-07,1.7566169781099235,0.32077043965095037,1.1931461777432795,0.0,0.563470800366644,True
2012-06-08,1.7836822326462758,0.3251946824886321,1.2036382553402558,0.0,0.5800439773060201,True
2012-06-11,1.738149810647045,0.3177514947258562,1.1858501102564825,0.0,0.5522997003905624,True
2012-06-12,1.7695896109052198,0.3219571742885102,1.199857540127871,0.0,0.5697320707773488,True
2012-06-13,1.7504572634615925,0.3190937306859179,1.1918973248573703,0.0,0.5585599386042223,True
2012-06-14,1.765242436676721,0.3199681289504976,1.2004211170692534,0.0,0.5648213196074676,True
2012-06-15,1.7997069884684849,0.32543642353305785,1.214016782733851,0.0,0.5856902057346339,True
2012-06-18,1.8216691850965094,0.32980210227711876,1.2208788581982348,0.0,0.6007903268982746,True
2012-06-19,1.8536751798243727,0.3347701370332435,1.233120085859445,0.0,0.6205550939649275,True
2012-06-20,1.8553648722963159,0.335656165800783,1.2326002130998752,0.0,0.6227646591964408,True
2012-06-21,1.7795483496909794,0.3237421706614285,1.203433504165059,0.0,0.5761148455259205,True
2012-06-22,1.8084411877763706,0.32848106600207505,1.2144024986135296,0.0,0.594038689162841,True
2012-06-25,1.7517788342712224,0.3189935530281178,1.1929726798075908,0.0,0.5588061544636316,True
2012-06-26,1.7693233776015869,0.3219357385585254,1.1997149492845551,0.0,0.5696084283170316,True
2012-06-27,1.7888131983219657,0.32426190607836675,1.2087692210159457,0.0,0.5800439773060201,True
2012-06-28,1.7594926787994147,0.3178040360147783,1.200318804138507,0.0,0.559173874660908,True
2012-06-29,1.8479924454743402,0.33214536705611786,1.2341903163553327,0.0,0.6138021291190076,True
2012-07-02,1.8565897739645734,0.33325243588333786,1.2378767093547836,0.0,0.6187130646097897,True
2012-07-03,1.880595798323987,0.33683166407080256,1.2471515861299591,0.0,0.6334442121940279,True
2012-07-05,1.8803759859114448,0.3380461439182819,1.2447221347575432,0.0,0.6356538511539015,True
2012-07-06,1.8416542219610303,0.3315555743479583,1.2310434986483987,0.0,0.6106107233126317,True
2012-07-09,1.8376430033908004,0.3311435863729726,1.22911930877477,0.0,0.6085236946160303,True
2012-07-10,1.8075751745671989,0.3263291373704405,1.2177107271184613,0.0,0.5898644474487375,True
2012-07-11,1.7962009221753052,0.3238848224393358,1.2144387054311852,0.0,0.58176221674412,True
2012-07-12,1.770755911334704,0.31904104662983956,1.2058120920565045,0.0,0.5649438192781994,True
2012-07-13,1.814597618307995,0.3248630176975025,1.2251019601177588,0.0,0.5894956581902361,True
2012-07-16,1.8069943704339226,0.3237841830182851,1.2219181744843346,0.0,0.585076195949588,True
2012-07-17,1.8233425429845145,0.3257965385870372,1.2293038538216736,0.0,0.594038689162841,True
2012-07-18,1.8603982721400198,0.3323059852425974,1.2421767913729047,0.0,0.6182214807671151,True
2012-07-19,1.8890082375789734,0.33793127561055514,1.2506532742150642,0.0,0.6383549633639091,True
2012-07-20,1.8504733333762493,0.3317000672466355,1.2366712042572419,0.0,0.6138021291190076,True
2012-07-23,1.8140032779502338,0.32584966279344574,1.2229109215239449,0.0,0.5910923564262889,True
2012-07-24,1.7904306994090637,0.32259726609301953,1.2128426506506869,0.0,0.5775880487583768,True
2012-07-25,1.7736320265080021,0.3183855358004317,1.2089332434354465,0.0,0.5646987830725557,True
2012-07-26,1.8137232461025767,0.3235309759449635,1.2269275941969429,0.0,0.5867956519056339,True
2012-07-27,1.8839906681701026,0.33505177941807107,1.252756242392669,0.0,0.6312344257774336,True
2012-07-30,1.8797026095860112,0.3337917149462906,1.2522734519432788,0.0,0.6274291576427324,True
2012-07-31,1.8754982154132336,0.33473611612806836,1.2477012269806844,0.0,0.6277969884325492,True
2012-08-01,1.8669873607006873,0.332974456880945,1.245328258267787,0.0,0.6216591024329003,True
2012-08-02,1.8539649167538998,0.33180376403473644,1.238812378986609,0.0,0.6151525377672907,True
2012-08-03,1.9129751141129971,0.33985805387653006,1.2628351147163208,0.0,0.6501399993966762,True
2012-08-06,1.9336198558235973,0.34378461510966607,1.268871097920874,0.0,0.6647487579027234,True
2012-08-07,1.9585290691546304,0.3478111727367984,1.2773307767728483,0.0,0.6811982923817822,True
2012-08-08,1.9579096868434238,0.34735657825109373,1.2778168774968217,0.0,0.6800928093466022,True
2012-08-09,1.9661433649012783,0.34883657486195124,1.280280647801565,0.0,0.6858627170997135,True
2012-08-10,1.9703976450225618,0.34951647517073015,1.2817112054495683,0.0,0.6886864395729934,True
2012-08-13,1.9757868424162224,0.3506758438091258,1.2829261242649452,0.0,0.692860718151277,True
2012-08-14,1.9771469916635285,0.35093123342878824,1.2833043592090283,0.0,0.6938426324545002,True
2012-08-15,1.9844139545276422,0.3521207027260537,1.2856607183599817,0.0,0.6987532361676606,True
2012-08-16,2.0218505532554407,0.3579871288884656,1.2980540786539696,0.0,0.723796474601471,True
2012-08-17,2.0355244016042007,0.36046698002938127,1.301785067781821,0.0,0.7337393338223797,True
2012-08-20,2.039346350972543,0.3611760122139331,1.302783368405244,0.0,0.7365629825672991,True
2012-08-21,2.0263365772107873,0.35931500741113404,1.2982434349528411,0.0,0.728093142257946,True
2012-08-22,2.037133721222498,0.36126685812860865,1.301184822168605,0.0,0.7359488990538928,True
2012-08-23,2.010161392061831,0.3579922482169791,1.2905391960386439,0.0,0.7196221960231873,True
2012-08-24,2.0308205605885252,0.36063687355279284,1.2984317828711494,0.0,0.7323887777173759,True
2012-08-27,2.0355640616969994,0.3615454374058611,1.2996151626431067,0.0,0.7359488990538928,True
2012-08-28,2.0347990611751166,0.3616212518198799,1.2989724774710545,0.0,0.7358265837040621,True
2012-08-29,2.03554958794148,0.36160838752888586,1.2994777837108735,0.0,0.7360718042306066,True
2012-08-30,2.0018470099934724,0.3564743280486047,1.2882399422499409,0.0,0.7136070677435316,True
2012-08-31,2.0244223542200546,0.36001859348105186,1.295592665642151,0.0,0.7288296885779038,True
2012-09-04,2.020090446670502,0.35927090025955327,1.2943307332894676,0.0,0.7257597133810344,True
2012-09-05,2.0155603049216877,0.35843421269790104,1.2931145338819414,0.0,0.7224457710397465,True
2012-09-06,2.0907902090481727,0.36837732472518686,1.3205905052773927,0.0,0.7701997037707801,True
2012-09-07,2.089097749314165,0.3670890349390929,1.3222128726249973,0.0,0.7668848766891679,True
2012-09-10,2.048632479312369,0.3605576365948232,1.3099823943201079,0.0,0.7386500849922608,True
2012-09-11,2.046215680786845,0.35942386710253066,1.3107569278725995,0.0,0.7354587529142452,True
2012-09-12,2.0567001468334887,0.360695051084205,1.3148585823064913,0.0,0.7418415645269971,True
2012-09-13,2.1052106588713726,0.36643678111958505,1.3337840414559061,0.0,0.7714266174154666,True
2012-09-14,2.1338767714572815,0.37077645929350145,1.3426854975677025,0.0,0.791191273889579,True
2012-09-17,2.133357063784456,0.3715573232976353,1.3406926235266008,0.0,0.7926644402578551,True
2012-09-18,2.1348548538105514,0.3719866629247869,1.3407173209127807,0.0,0.7941375328977708,True
2012-09-19,2.1417391010185383,0.37325556635209833,1.3423230598894298,0.0,0.7994160411291085,True
2012-09-20,2.139276383429818,0.37282471955337304,1.341701265730442,0.0,0.797575117699376,True
2012-09-21,2.1391876452447844,0.37284018513864897,1.3416125275454087,0.0,0.797575117699376,True
2012-09-24,2.119524000154482,0.3693489529055014,1.336680030039344,0.0,0.7828439701151377,True
2012-09-25,2.0715930976593375,0.36272417045632427,1.3201762097878071,0.0,0.7514168878715304,True
2012-09-26,2.0427421058849293,0.35817164732540807,1.3110898007591512,0.0,0.7316523051257783,True
2012-09-27,2.0890131276387276,0.36510626365798154,1.3263013498740774,0.0,0.7627117777646499,True
2012-09-28,2.062182315085789,0.3609865437347443,1.3177622486120564,0.0,0.7444200664737325,True
2012-10-01,2.059768060002799,0.3598597545343548,1.3185404315324878,0.0,0.7412276284703115,True
2012-10-02,2.0671670340709367,0.36088803217615584,1.321151190965656,0.0,0.7460158431052808,True
2012-10-03,2.088214168461127,0.3640110254900913,1.3280811875566538,0.0,0.7601329809044731,True
2012-10-04,2.1041186266569993,0.36546030338562374,1.3351467949995905,0.0,0.7689718316574089,True
2012-10-05,2.087344526365913,0.36204543427419233,1.3316309708379077,0.0,0.7557135555280052,True
2012-10-08,2.0589758322778176,0.3573154256843169,1.3232720062937486,0.0,0.735703825984069,True
2012-10-09,2.004072637220298,0.34823795323147,1.3061784839075072,0.0,0.6978941533127909,True
2012-10-10,1.988133676593256,0.34676900324480453,1.298710543243584,0.0,0.689423133349672,True
2012-10-11,1.980321545075461,0.3450376753020821,1.2970360028119965,0.0,0.6832855422634645,True
2012-10-12,1.9777806912698366,0.34541883932362877,1.2946179804547255,0.0,0.6831627108151112,True
2012-10-15,2.001553989956583,0.3481238814952405,1.3047652459506116,0.0,0.6967887440059712,True
2012-10-16,2.0477132546147203,0.35508395542720855,1.3206031325854026,0.0,0.7271101220293175,True
2012-10-17,2.048110144174716,0.35393631483130134,1.3232095873769116,0.0,0.7249005567978043,True
2012-10-18,2.0139168430769514,0.3476329563495656,1.3138129770759264,0.0,0.7001038660010248,True
2012-10-19,1.9366745776291718,0.33538210141982844,1.2871485880175415,0.0,0.6495259896116303,True
2012-10-22,1.9502848994717223,0.33826612866659017,1.290569576730513,0.0,0.6597153227412095,True
2012-10-23,1.9156534692901142,0.3341918304118745,1.2754577299531933,0.0,0.6401957393369209,True
2012-10-24,1.9052240121441355,0.3326711563264404,1.2714109369632458,0.0,0.6338130751808897,True
2012-10-25,1.907072279443134,0.33234874315616575,1.2732592042622444,0.0,0.6338130751808897,True
2012-10-26,1.9151977929687147,0.33440003721644496,1.2747555797231231,0.0,0.6404422132455915,True
2012-10-31,1.8988973703017464,0.3307409360410132,1.2708542766023283,0.0,0.628043093699418,True
2012-11-01,1.9411900844570118,0.33725803905040197,1.2865081231489557,0.0,0.654681961308056,True
2012-11-02,1.904695492843127,0.33115167351108393,1.2739523928591068,0.0,0.6307430999840203,True
2012-11-05,1.9256713303736284,0.33557696536903625,1.2794603890286913,0.0,0.6462109413449371,True
2012-11-06,1.9357767573666411,0.3358548432418946,1.2856367579699648,0.0,0.6501399993966762,True
2012-11-07,1.8593975227370687,0.32456221886205755,1.2559073370109126,0.0,0.6034901857261561,True
2012-11-08,1.8137288259257283,0.3171674384748557,1.2384731001188576,0.0,0.5752557258068707,True
2012-11-09,1.8231754824146074,0.31895842509263944,1.2416583018761311,0.0,0.5815171805384763,True
2012-11-12,1.824431051631478,0.31920977556722807,1.2420548251023118,0.0,0.582376226529166,True
2012-11-13,1.8053223733569776,0.31558467295674075,1.2355903025796289,0.0,0.5697320707773488,True
2012-11-14,1.7693453845123863,0.31048400509647633,1.2199919431300157,0.0,0.5493534413823706,True
2012-11-15,1.761344181478952,0.3091063608904285,1.2169014912664629,0.0,0.5444426902124894,True
2012-11-16,1.7731356644386633,0.3105128795245145,1.2225542034862007,0.0,0.5505814609524626,True
2012-11-19,1.8396794673152872,0.32083426216173505,1.2494472628050932,0.0,0.590232204510194,True
2012-11-20,1.8402685913246652,0.3207987208439938,1.2499127812183344,0.0,0.590355810106331,True
2012-11-21,1.8468825605998789,0.32190950803848783,1.2523535041123093,0.0,0.5945290564875697,True
2012-11-23,1.892167722677864,0.32860817726272434,1.270385936253331,0.0,0.621781786424533,True
2012-11-26,1.9015396914512195,0.33118499166601995,1.2717782845853414,0.0,0.6297614068658782,True
2012-11-27,1.8890269378714897,0.32960939002685713,1.266385921135366,0.0,0.6226410167361235,True
2012-11-28,1.9162804963107685,0.3336343257818189,1.276943544915276,0.0,0.6393369513954925,True
2012-11-29,1.9341078715687876,0.33627135385109713,1.2837227991022875,0.0,0.6503850724665001,True
2012-11-30,1.9308397269942619,0.335632672101966,1.2827868300225471,0.0,0.6480528969717146,True
2012-12-03,1.923222617034853,0.33530261093118824,1.2783610521411541,0.0,0.644861564893699,True
2012-12-04,1.9177553893863886,0.3340818593764514,1.2770681030709732,0.0,0.6406872863154153,True
2012-12-05,1.892018661531666,0.32818001016279674,1.271095957962003,0.0,0.6209227035696633,True
2012-12-06,1.9097044682215276,0.3311192101221503,1.2773646331372743,0.0,0.6323398350842533,True
2012-12-07,1.8970223734244362,0.3276380511173063,1.275485660069727,0.0,0.6215367133547092,True
2012-12-10,1.904681096976888,0.3292206215786682,1.2776208023210172,0.0,0.6270602946558707,True
2012-12-11,1.9415525248780576,0.335424433270108,1.2903083695566877,0.0,0.6512441553213698,True
2012-12-12,1.9360787314727084,0.3340902105969449,1.2892537803427253,0.0,0.6468249511299831,True
2012-12-13,1.9124254693083942,0.3305834797216593,1.2802092029560979,0.0,0.6322162663522963,True
2012-12-14,1.8860475505354564,0.3257041771457782,1.271753985030495,0.0,0.6142935655049614,True
2012-12-17,1.925912821872297,0.3313921687319848,1.2876803950432998,0.0,0.6382324268289972,True
2012-12-18,1.97248540914278,0.33856653658900987,1.3046678556969529,0.0,0.667817553445827,True
2012-12-19,1.955221174371091,0.33665870579220863,1.2969789442697972,0.0,0.6582422301012938,True
2012-12-20,1.9594416425064973,0.33618386833492975,1.3007089713521145,0.0,0.6587326711543828,True
2012-12-21,1.9261983197996082,0.3313430503331534,1.287965892970611,0.0,0.6382324268289972,True
2012-12-24,1.917527766028615,0.3300241252332507,1.2846973424345518,0.0,0.632830423594063,True
2012-12-26,1.8942169850719903,0.3261790170647833,1.2763631507737914,0.0,0.6178538342981991,True
2012-12-27,1.8889345466334118,0.32527132853366925,1.2745182971368179,0.0,0.614416249496594,True
2012-12-28,1.8581116598787424,0.32108731572305255,1.2614955746945713,0.0,0.596616085184171,True
2012-12-31,1.9210980356560539,0.3308167778427178,1.2855665735803434,0.0,0.6355314620757103,True
2013-01-02,2.017294731966789,0.34443357217404347,1.3224707013075885,0.0,0.6948240306592007,True
2013-01-03,2.0022913261174726,0.34198747816722336,1.3175327649424529,0.0,0.6847585611750199,True
2013-01-04,1.9962646969275868,0.33963776828739883,1.3182578103521805,0.0,0.6780068865754062,True
2013-01-07,1.9953982544130193,0.3401544053286688,1.316654747789295,0.0,0.6787435066237244,True
2013-01-08,1.9882909431838307,0.33939418029186985,1.3134765683402059,0.0,0.6748143748436249,True
2013-01-09,1.9993033625855554,0.3409635730785824,1.31761374441036,0.0,0.6816896181751955,True
2013-01-10,2.020517698124234,0.34333768785026153,1.3267978233897268,0.0,0.6937198747345071,True
2013-01-11,2.0239387406423877,0.3440308397195838,1.32764139615819,0.0,0.6962973444841976,True
2013-01-14,2.0115651750667505,0.3416921140392788,1.3242292178704007,0.0,0.6873359571963499,True
2013-01-15,1.9985634970312158,0.3388167044985084,1.3214167992360848,0.0,0.677146697795131,True
2013-01-16,2.008763091877672,0.3408856743454741,1.3240045307026524,0.0,0.6847585611750199,True
2013-01-17,2.026762976800483,0.3430669684319096,1.3314475466195084,0.0,0.6953154301809744,True
2013-01-18,2.0228338392486505,0.34179160546778586,1.331446213737289,0.0,0.6913876255113613,True
2013-01-22,2.030339864882386,0.3419186801219483,1.3361287380828255,0.0,0.6942111267995602,True
2013-01-23,2.0467858224049955,0.34468906412162736,1.341281132822802,0.0,0.7055046895821933,True
2013-01-24,2.0096260834620767,0.33707412343680576,1.332233132943356,0.0,0.6773929505187206,True
2013-01-25,2.0268338161851167,0.3391784834618695,1.3393753961822152,0.0,0.6874584200029015,True
2013-01-28,2.032442000337172,0.3406588323379672,1.3400726817076687,0.0,0.6923693186295033,True
2013-01-29,2.0351760674447226,0.34020118932452453,1.3428067488152193,0.0,0.6923693186295033,True
2013-01-30,2.027341745170723,0.3396387928568487,1.3387778421326415,0.0,0.6885639030380815,True
2013-01-31,2.0197734889209102,0.3387234039572858,1.3356289375309363,0.0,0.684144551389974,True
2013-02-01,2.0569981027642505,0.3435147622154477,1.350388888615562,0.0,0.7066092141486886,True
2013-02-04,2.00166519609098,0.3350416829092056,1.331023920171873,0.0,0.6706412759191069,True
2013-02-05,2.0476583648024196,0.34190462531994614,1.3475544988013946,0.0,0.7001038660010248,True
2013-02-06,2.0394449289234107,0.3400912318655909,1.3458475907238152,0.0,0.6935973381995952,True
2013-02-07,2.0408731374090507,0.3406950767472485,1.3455577072280764,0.0,0.6953154301809744,True
2013-02-08,2.0726302639249754,0.3456626117482691,1.356199473708164,0.0,0.7164307902168113,True
2013-02-11,2.0724488766150375,0.34557390083828515,1.356264634035257,0.0,0.7161842425797804,True
2013-02-12,2.062427134473093,0.34320586382456486,1.3545900482110333,0.0,0.7078370862620599,True
2013-02-13,2.073631079414795,0.3453179343552238,1.357569078456485,0.0,0.71606200095831,True
2013-02-14,2.072582457625998,0.34478175320631893,1.3579938442210455,0.0,0.7145886134049528,True
2013-02-15,2.063643906785898,0.3433010026531903,1.3551928844671526,0.0,0.7084510223187455,True
2013-02-19,2.0890903942599754,0.3465235106135551,1.365171456851953,0.0,0.7239189374080226,True
2013-02-20,2.037057635361626,0.3391637362338138,1.3461615568287588,0.0,0.6908960785328669,True
2013-02-21,2.003288925507156,0.3336671521400101,1.3348572148195625,0.0,0.6684317106875937,True
2013-02-22,2.0361794810545164,0.3379232344013414,1.3481071249949295,0.0,0.688072356059587,True
2013-02-25,1.9893647017546774,0.33297828935699014,1.326949446457226,0.0,0.6624152552974514,True
2013-02-26,2.004387524075069,0.3344637408759132,1.333992574607912,0.0,0.670394949467157,True
2013-02-27,2.0399834227130875,0.3386172330161668,1.3492098807151325,0.0,0.690773541997955,True
2013-02-28,2.034668012765898,0.33823452376750995,1.3464730464430388,0.0,0.6881949663228594,True
2013-03-01,2.046818394404612,0.3397054824608565,1.3515029642236378,0.0,0.6953154301809744,True
2013-03-04,2.0623865760692626,0.34148632736502543,1.3581097586004407,0.0,0.7042768174688221,True
2013-03-05,2.1094393289712565,0.34853459107428736,1.3742267550522405,0.0,0.7352125739190161,True
2013-03-06,2.1040092211216352,0.34721711027241275,1.3734612193772713,0.0,0.7305480017443641,True
2013-03-07,2.1134421790486364,0.3486879616862241,1.3765103334944753,0.0,0.7369318455541609,True
2013-03-08,2.118037664989207,0.34833701997116767,1.380246736580176,0.0,0.7377909284090307,True
2013-03-11,2.1302748178512965,0.3499088008750183,1.3848729108027014,0.0,0.7454019070485952,True
2013-03-12,2.1171274358140155,0.3477909151129049,1.3808097475016212,0.0,0.7363176883123943,True
2013-03-13,2.1148672069914336,0.3470598929897456,1.3808816204454646,0.0,0.7339855865459691,True
2013-03-14,2.1283446959703882,0.34838054315061817,1.386870814776487,0.0,0.7414738811939011,True
2013-03-15,2.118503154196689,0.3466957093812788,1.3840272003259912,0.0,0.7344759538706979,True
2013-03-18,2.1081358576123463,0.3460130503806066,1.3786933389031621,0.0,0.7294425187091841,True
2013-03-19,2.1022775817024613,0.3455758362989454,1.3757812482731087,0.0,0.7264963334293526,True
2013-03-20,2.1257941690100886,0.3482785317036815,1.385425697123007,0.0,0.7403684718870814,True
2013-03-21,2.0883201057476297,0.34318295423874273,1.3716442424609945,0.0,0.7166758632866352,True
2013-03-22,2.1202572084703113,0.34733542849912175,1.383816762437924,0.0,0.7364404460323872,True
2013-03-25,2.1073572908775713,0.3459082974325522,1.3784049183080347,0.0,0.7289523725695364,True
2013-03-26,2.1277746981478076,0.34783910721600453,1.3876514467872705,0.0,0.7401232513605369,True
2013-03-27,2.13261162483345,0.3488921012524722,1.3885602738898588,0.0,0.7440513509435914,True
2013-03-28,2.1407578526946063,0.3495715740976818,1.3924097603661794,0.0,0.7483480923284267,True
2013-04-01,2.1187723307930137,0.3463619384097313,1.3849102392506412,0.0,0.7338620915423726,True
2013-04-02,2.1442210018334604,0.34998037414990035,1.3937857333517116,0.0,0.7504352684817487,True
2013-04-03,2.1109084165432663,0.34608228193086576,1.3803604147989024,0.0,0.7305480017443641,True
2013-04-04,2.1142785810550695,0.34570453091035797,1.3833628959776094,0.0,0.7309156850774601,True
2013-04-05,2.0874883291490605,0.34155539963780673,1.3744954186472955,0.0,0.7129929105017648,True
2013-04-08,2.1067112699488293,0.3436251316136008,1.3827923325408065,0.0,0.7239189374080226,True
2013-04-09,2.1280027300726547,0.34687860185072433,1.389844118330528,0.0,0.7381586117421268,True
2013-04-10,2.193285256047888,0.3562559630804913,1.411914304844306,0.0,0.7813709512035824,True
2013-04-11,2.193946176074697,0.35553305892588194,1.4139257809761183,0.0,0.7800203950985786,True
2013-04-12,2.1908496294124054,0.3556433452110549,1.4116885383537776,0.0,0.7791610910586277,True
2013-04-15,2.1131804615550753,0.34629130574865663,1.3814044402406194,0.0,0.731776021314456,True
2013-04-16,2.163111886730191,0.352428760493662,1.400769045680763,0.0,0.7623428410494277,True
2013-04-17,2.0946050480258163,0.3426809266699751,1.3768238491607219,0.0,0.7177811988650945,True
2013-04-18,2.049739697609873,0.3350287847551299,1.36301789765529,0.0,0.6867217999545833,True
2013-04-19,2.0934793927362216,0.341633537510935,1.3782766220895022,0.0,0.7152027706467194,True
2013-04-22,2.1255967591245164,0.3468093915082984,1.3884198405005317,0.0,0.7371769186239847,True
2013-04-23,2.161142263860965,0.35115925567773054,1.402237155069863,0.0,0.758905108791102,True
2013-04-24,2.1594426427110807,0.3505831755453669,1.4023783836213508,0.0,0.7570642590897297,True
2013-04-25,2.178299328181011,0.3531840693162901,1.4089587072651004,0.0,0.7693406209159103,True
2013-04-26,2.1683278993910764,0.35180763689559397,1.4054935850915145,0.0,0.7628343142995618,True
2013-04-29,2.1997548450533984,0.35598926792876895,1.4166657281400765,0.0,0.7830891169133218,True
2013-04-30,2.223776752413091,0.35987265818210357,1.423500301318626,0.0,0.8002764510944647,True
2013-05-01,2.2040260627332002,0.35847448962790524,1.4139389447683148,0.0,0.7900871179648854,True
2013-05-02,2.2481342311253147,0.3641644108258666,1.429443753390102,0.0,0.8186904777352129,True
2013-05-03,2.2924061789304613,0.36960836966089683,1.4451136685354071,0.0,0.8472925103950539,True
2013-05-06,2.307973316497213,0.3718492914339145,1.4497550741093426,0.0,0.8582182423878703,True
2013-05-07,2.3091601280278677,0.37075446803575585,1.4530286931515175,0.0,0.85613143487635,True
2013-05-08,2.3293628350169837,0.3732837438060055,1.4598495552792732,0.0,0.8695132797377104,True
2013-05-09,2.323233080535559,0.37294718212808226,1.4567898497230785,0.0,0.8664432308124808,True
2013-05-10,2.3447486778365363,0.3758076965395056,1.4635740782547362,0.0,0.8811745995818,True
2013-05-13,2.349670058719806,0.37648363801430823,1.46505772687968,0.0,0.8846123318401259,True
2013-05-14,2.3740584200993506,0.37809739900042577,1.4764331063847262,0.0,0.8976253137146246,True
2013-05-15,2.3861702201814454,0.3789563587723453,1.4819158421304792,0.0,0.904254378050966,True
2013-05-16,2.3785713095611034,0.37877321776215067,1.4776322009619116,0.0,0.9009391085991917,True
2013-05-17,2.418261193419659,0.38306499419523504,1.4919099833997953,0.0,0.9263512100198639,True
2013-05-20,2.4129376299193215,0.38218017739331867,1.4907606984777413,0.0,0.9221769314415802,True
2013-05-21,2.4182506500859207,0.3827620556779995,1.492636060114375,0.0,0.9256145899715457,True
2013-05-22,2.383595384350767,0.37885058507258235,1.4805688784131723,0.0,0.9030265059375948,True
2013-05-23,2.369923551411217,0.37689221677617374,1.4767178105297811,0.0,0.893205740881436,True
2013-05-24,2.3684052200242363,0.37692632159549394,1.4756909523929342,0.0,0.8927142676313019,True
2013-05-28,2.396062431301046,0.38026069608948954,1.4849340633006354,0.0,0.9111283680004105,True
2013-05-29,2.373974180990764,0.3780070232944987,1.4765952674564498,0.0,0.8973789135343143,True
2013-05-30,2.3952242039442093,0.3807524977454025,1.4832366056322082,0.0,0.911987598312001,True
2013-05-31,2.3517342053959425,0.3767274118204385,1.4657714649075335,0.0,0.885962740488409,True
2013-06-03,2.362226026981884,0.37723679044661884,1.4711074622537699,0.0,0.891118564728114,True
2013-06-04,2.3415012903286856,0.3748611641368379,1.4637633908081662,0.0,0.8777378995205192,True
2013-06-05,2.2880930132851285,0.3689104074321878,1.4439916875113694,0.0,0.844101325773759,True
2013-06-06,2.308448329472231,0.37012442981785515,1.4540352077623413,0.0,0.8544131217098897,True
2013-06-07,2.363361571450848,0.3766402498660437,1.4732244786557949,0.0,0.890137092795053,True
2013-06-10,2.364030338147,0.3766892023466137,1.4735256357472108,0.0,0.8905047023997887,True
2013-06-11,2.323325109066839,0.3721928489472989,1.4586001176924583,0.0,0.8647249913743809,True
2013-06-12,2.278907142555425,0.3663033071280428,1.4441359195996548,0.0,0.8347712229557703,True
2013-06-13,2.32898773088324,0.37128791187167165,1.464262739508859,0.0,0.8647249913743809,True
2013-06-14,2.304342964962493,0.3686526858197581,1.4548407418792055,0.0,0.8495022230832878,True
2013-06-17,2.3405739193834307,0.3730163622036654,1.4675015505062483,0.0,0.8730723688771825,True
2013-06-18,2.373031291452783,0.37660530864192665,1.4793351095182576,0.0,0.893696181934525,True
2013-06-19,2.326456469807389,0.37206124707160104,1.460872174393057,0.0,0.8655842954143317,True
2013-06-20,2.227155034429975,0.3599881390757612,1.4254056381523157,0.0,0.8017493962776596,True
2013-06-21,2.2143638044384746,0.35696699869894577,1.4239090031404933,0.0,0.7904548012979815,True
2013-06-24,2.1738624948223984,0.35237995709190445,1.4078369221731812,0.0,0.7660255726492171,True
2013-06-25,2.202105136239374,0.35527474893607414,1.4197527868310913,0.0,0.7823523494082829,True
2013-06-26,2.236861164305103,0.3593038954745963,1.4331482343344384,0.0,0.8037129299706645,True
2013-06-27,2.2530619644474,0.3606975580079227,1.4403880158306896,0.0,0.8126739486167103,True
2013-06-28,2.253332566046983,0.36163498223414686,1.4384486835569579,0.0,0.8148838824900253,True
2013-07-01,2.279419969106221,0.36514389670252373,1.4471036793652292,0.0,0.8323162897409918,True
2013-07-02,2.279418791904526,0.36530587619827365,1.4467337129050328,0.0,0.8326850789994933,True
2013-07-03,2.2939507595928523,0.3679148901748536,1.449972117810726,0.0,0.8439786417821263,True
2013-07-05,2.3259672391339166,0.3708727913979503,1.463329276456137,0.0,0.8626379626777795,True
2013-07-08,2.3336709637521538,0.37085839323914827,1.4682094997861754,0.0,0.8654614639659783,True
2013-07-09,2.359236611453599,0.3735523225995897,1.477938295683121,0.0,0.8812983157704777,True
2013-07-10,2.3786054434942687,0.37675527473352804,1.4824532961479202,0.0,0.8961521473463485,True
2013-07-11,2.4592795550115434,0.3871086183927272,1.5072712442295437,0.0,0.9520083107819995,True
2013-07-12,2.4728546698195073,0.3890043880054792,1.5109033523598787,0.0,0.9619513174596288,True
2013-07-15,2.484935473226898,0.3901266149949324,1.5154960085760578,0.0,0.9694394646508401,True
2013-07-16,2.4772869910284276,0.3897950459568122,1.5116527945122888,0.0,0.9656341965161389,True
2013-07-17,2.488006377390778,0.39087858314517404,1.5154979697401136,0.0,0.9725084076506645,True
2013-07-18,2.483132480042239,0.3887786832755587,1.5177435040526448,0.0,0.9653889759895943,True
2013-07-19,2.4472867332377337,0.38248442946484096,1.5112376633384248,0.0,0.936049069899309,True
2013-07-22,2.457740946564373,0.3836045447996153,1.514940349522171,0.0,0.942800597042202,True
2013-07-23,2.429572152975913,0.3794121722128674,1.5077629048674293,0.0,0.9218092481084841,True
2013-07-24,2.4379601099135906,0.3816814850383268,1.5074358746975691,0.0,0.9305242352160216,True
2013-07-25,2.461367306472244,0.3848847062325377,1.5140246737903018,0.0,0.9473426326819422,True
2013-07-26,2.4819277405985956,0.3880278244714805,1.5188707189187054,0.0,0.9630570216798899,True
2013-07-29,2.4737619391999144,0.3875221408269838,1.5151244166248528,0.0,0.9586375225750617,True
2013-07-30,2.492029590939204,0.3903956123280165,1.5191521728449566,0.0,0.972877418094247,True
2013-07-31,2.5001138951155526,0.3915880752105193,1.5210991071201794,0.0,0.9790147879953733,True
2013-08-01,2.546464930081245,0.3961751953253743,1.5376186890170924,0.0,1.008846241064153,True
2013-08-02,2.568908522125038,0.3992608362532384,1.5432439573233243,0.0,1.0256645648017133,True
2013-08-05,2.5704912207548656,0.39987465010212936,1.5426169432649184,0.0,1.0278742774899472,True
2013-08-06,2.54320994370503,0.3969718622259388,1.5336271563209194,0.0,1.0095827873841108,True
2013-08-07,2.5335529587682917,0.39620754815034587,1.5297401528656525,0.0,1.0038128059026392,True
2013-08-08,2.5535401002824356,0.3983463862571521,1.5363466291722014,0.0,1.017193471110234,True
2013-08-09,2.5372970015445104,0.3965904128592432,1.5310293361554532,0.0,1.0062676653890572,True
2013-08-12,2.544455743154127,0.39793538378026716,1.5319267704901844,0.0,1.0125289726639424,True
2013-08-13,2.567834289118756,0.40086207061403495,1.5384869189888932,0.0,1.029347370129863,True
2013-08-14,2.5495773898330834,0.3992543814363186,1.5316474461312521,0.0,1.0179299437018314,True
2013-08-15,2.4748374569018847,0.3906770279645892,1.5079753145440145,0.0,0.9668621423578704,True
2013-08-16,2.4686079653971795,0.39027031574231236,1.5051835552976347,0.0,0.9634244100995446,True
2013-08-19,2.458695777387111,0.3902959460596311,1.4990767828789886,0.0,0.9596189945081226,True
2013-08-20,2.4787985722685515,0.39242983427543526,1.5060440593510183,0.0,0.9727545129175332,True
2013-08-21,2.461875390054222,0.39118837028493103,1.498818368374332,0.0,0.9630570216798899,True
2013-08-22,2.503557004572679,0.3956588971980166,1.5130024010710827,0.0,0.990554603501596,True
2013-08-23,2.532043525980411,0.3994496043074847,1.5206197414382074,0.0,1.0114237845422036,True
2013-08-26,2.5304696839582936,0.40003748172034487,1.5181869640179406,0.0,1.0122827199403528,True
2013-08-27,2.439012278307284,0.38891595919602306,1.4904414785985292,0.0,0.9485707997087548,True
2013-08-28,2.4568109827431703,0.39109524279874963,1.4959638949365952,0.0,0.9608470878065749,True
2013-08-29,2.483140290863158,0.3949572581236192,1.5024060100475591,0.0,0.9807342808155992,True
2013-08-30,2.4576233880520997,0.39161524722980046,1.4951805973423369,0.0,0.9624427907097629,True
2013-09-03,2.481099207521575,0.39429224151188974,1.50282103957452,0.0,0.978278167947055,True
2013-09-04,2.5272527484942557,0.3997212587123762,1.5170560987818196,0.0,1.0101966497124362,True
2013-09-05,2.533918883456809,0.4004138236000318,1.519302734639545,0.0,1.0146161488172643,True
2013-09-06,2.5388574415137812,0.4010855478622772,1.5205584136400068,0.0,1.0182990278737742,True
2013-09-09,2.590877820829548,0.4068676159241686,1.5367335387178245,0.0,1.0541442821117235,True
2013-09-10,2.6162722797481512,0.4090184080906995,1.5461687567537372,0.0,1.070103522994414,True
2013-09-11,2.6118145875356937,0.4076485968941217,1.5471120355791688,0.0,1.0647025519565247,True
2013-09-12,2.604476279366162,0.40695866507288003,1.5445620895013277,0.0,1.0599141898648348,True
2013-09-13,2.610145524149595,0.40739184310344884,1.546793528298074,0.0,1.063351995851521,True
2013-09-16,2.6035795658827023,0.4049772378473397,1.54918910477575,0.0,1.0543904611069526,True
2013-09-17,2.633324498905347,0.40842079830244327,1.5578200048730437,0.0,1.075504494032303,True
2013-09-18,2.6912117004596725,0.41432416036804376,1.5761776722940632,0.0,1.115034028165609,True
2013-09-19,2.6986527385520045,0.41572893099133135,1.5767447204369507,0.0,1.1219080181150536,True
2013-09-20,2.6781602601488093,0.414326470673664,1.568527571662891,0.0,1.109632688485918,True
2013-09-23,2.6666814567023587,0.41376200076923775,1.5633100017629653,0.0,1.1033714549393934,True
2013-09-24,2.6650866490131877,0.414101555916712,1.5614701210039705,0.0,1.1036165280092172,True
2013-09-25,2.6497213531078048,0.41256496433332634,1.5565391575696303,0.0,1.0931821955381746,True
2013-09-26,2.6838002475917713,0.4166574198354258,1.5655749610765068,0.0,1.1182252865152644,True
2013-09-27,2.673935027110507,0.416220576416396,1.5609882488265803,0.0,1.1129467782839266,True
2013-09-30,2.660904101940913,0.4156294761861238,1.554953923869703,0.0,1.1059501780712098,True
2013-10-01,2.7080885880319165,0.4206270369447792,1.5689933094640804,0.0,1.1390952785678359,True
2013-10-02,2.7049656132193465,0.4203411105540861,1.5679573633481119,0.0,1.1370082498712346,True
2013-10-03,2.6490533782461307,0.41429095850128234,1.551574515051481,0.0,1.0974788631946495,True
2013-10-04,2.6898670007496284,0.4185015493781348,1.5641534933147923,0.0,1.125713507434836,True
2013-10-07,2.648739726912879,0.4144793323720711,1.550891853274647,0.0,1.097847873638232,True
2013-10-08,2.5626211256449913,0.4041682547799841,1.5268910176307366,0.0,1.0357301080142545,True
2013-10-09,2.549386248996688,0.4017885021652522,1.525072166571618,0.0,1.0243140824250698,True
2013-10-10,2.6470336955355025,0.41154624581625077,1.5576569155887499,0.0,1.0893767799467526,True
2013-10-11,2.6827463364984503,0.4152194548724947,1.5688178650963815,0.0,1.1139284714020687,True
2013-10-14,2.7145031654007985,0.41886421956091346,1.5774949155295637,0.0,1.1370082498712346,True
2013-10-15,2.69356306321519,0.41760821244536755,1.568709007277026,0.0,1.1248540559381641,True
2013-10-16,2.7518235750517315,0.4227299276418119,1.5885453942870809,0.0,1.1632781807646506,True
2013-10-17,2.7804596711427356,0.42513155518447343,1.5983985270221146,0.0,1.1820611441206208,True
2013-10-18,2.857242417498216,0.4341579659198294,1.6167478613773343,0.0,1.2404945561208813,True
2013-10-21,2.86618070974345,0.4352884604866633,1.6185653211226518,0.0,1.2476153886207983,True
2013-10-22,2.8763429859697998,0.43524428108843644,1.6244311508776077,0.0,1.251911835092192,True
2013-10-23,2.8473950323122326,0.43259837469326146,1.615616569224294,0.0,1.2317784630879385,True
2013-10-24,2.868972838839075,0.43469352462580674,1.621848923468411,0.0,1.2471239153706641,True
2013-10-25,2.9034104224039288,0.4381207652451941,1.631366026319447,0.0,1.2720443960844816,True
2013-10-28,2.907483311759976,0.43839385737739417,1.6328604874571193,0.0,1.2746228243028566,True
2013-10-29,2.919354799682159,0.4387136193387479,1.6385940893796533,0.0,1.2807607103025054,True
2013-10-30,2.9104441360960274,0.4386646280877625,1.6337352415652542,0.0,1.2767088945307732,True
2013-10-31,2.8980316871038374,0.4377053774834841,1.629547633540954,0.0,1.2684840535628834,True
2013-11-01,2.8995614009801454,0.43726264803102144,1.6316915046590283,0.0,1.2678698963211168,True
2013-11-04,2.90975351006073,0.43784080339204423,1.6357446955429191,0.0,1.2740088145178106,True
2013-11-05,2.9134516630413287,0.439138865941745,1.6340418037572684,0.0,1.2794098592840601,True
2013-11-06,2.915217330548267,0.4381150255433697,1.6380168153106391,0.0,1.277200515237628,True
2013-11-07,2.818636407810417,0.42799694177059455,1.6122686453043042,0.0,1.2063677625061129,True
2013-11-08,2.8880310386197054,0.4342055428785163,1.6340319536458312,0.0,1.2539990849738745,True
2013-11-11,2.8808672194004687,0.4331970889649995,1.632883926261493,0.0,1.2479832931389756,True
2013-11-12,2.8866357440161226,0.434457871627388,1.6325141225073365,0.0,1.2541216215087863,True
2013-11-13,2.948005563762524,0.44065452087047197,1.6489535845392636,0.0,1.2990519792232607,True
2013-11-14,2.9647507785954508,0.4415607812109983,1.6556331087029281,0.0,1.3091176698925227,True
2013-11-15,2.979018464814555,0.4424956211187452,1.6608158389022276,0.0,1.3182026259123272,True
2013-11-18,2.9315419504963445,0.4372247255028073,1.649799325890616,0.0,1.2817426246057284,True
2013-11-19,2.914723069162484,0.4354094319690792,1.6456251532712756,0.0,1.2690979158912084,True
2013-11-20,2.9013260694665686,0.43437361997031365,1.6410665619581335,0.0,1.260259507508435,True
2013-11-21,2.9548272859382347,0.43955395552018117,1.656021264525122,0.0,1.2988060214131125,True
2013-11-22,2.9839301343661937,0.44213728955730064,1.664623352529173,0.0,1.3193067818370208,True
2013-11-25,2.99380076465833,0.44359120405044367,1.6657770787764026,0.0,1.3280236858819274,True
2013-11-26,3.0203576404404586,0.44696607230002083,1.6703602489514282,0.0,1.3499973914890304,True
2013-11-27,3.0552216651021618,0.4507055200838287,1.6782163955609108,0.0,1.377005269541251,True
2013-11-29,3.0822744260168147,0.4540778493795293,1.6826818834535762,0.0,1.3995925425632383,True
2013-12-02,3.0689198798409842,0.4532135043889906,1.6780439464092116,0.0,1.3908759334317724,True
2013-12-03,3.0605583366149887,0.4531284432667455,1.673732302017579,0.0,1.38682603459741,True
2013-12-04,3.0648086167432798,0.45366158498545817,1.674422681994434,0.0,1.3903859347488459,True
2013-12-05,3.0557551751382666,0.4535996051313285,1.6696658343175352,0.0,1.3860893408207313,True
2013-12-06,3.099751291038552,0.4563890044235238,1.6850588853609345,0.0,1.4146924056776173,True
2013-12-09,3.1222630447871986,0.4585243740787465,1.6906293364669471,0.0,1.4316337083202515,True
2013-12-10,3.1160679586039253,0.4586084142493114,1.68701297341549,0.0,1.429054985188435,True
2013-12-11,3.042344174249294,0.4521693740427689,1.6666893133563263,0.0,1.375654860892968,True
2013-12-12,3.0262693991850815,0.4508797333440425,1.6617858594532762,0.0,1.3644835397318054,True
2013-12-13,3.018593911398373,0.44987076739911974,1.6606167520112765,0.0,1.3579771593870964,True
2013-12-16,3.0516913348464323,0.4526345163089145,1.6703905035741116,0.0,1.3813008312723205,True
2013-12-17,3.0386561276235673,0.4517081849726238,1.6660702834587844,0.0,1.3725858441647831,True
2013-12-18,3.1099485125286224,0.45658979906959646,1.689977746076388,0.0,1.419970766452234,True
2013-12-19,3.093851236053613,0.45483911346520284,1.6866466826537654,0.0,1.4072045533998474,True
2013-12-20,3.149696411586365,0.460220969267685,1.7001400761471388,0.0,1.4495563354392262,True
2013-12-23,3.210074783177753,0.46617314869390175,1.7136241139608859,0.0,1.496450669216867,True
2013-12-24,3.214432525925868,0.4661906415463118,1.7158941644571561,0.0,1.498538361468712,True
2013-12-26,3.2362471315806873,0.46756185718018484,1.7231014124447752,0.0,1.5131457191359121,True
2013-12-27,3.2229917940541224,0.46605688761220604,1.7208942697175778,0.0,1.5020975243365444,True
2013-12-30,3.2137167010859695,0.46495734275793044,1.7194755233722552,0.0,1.4942411777137146,True
2013-12-31,3.2527336093004773,0.46840020327753074,1.7291525254964775,0.0,1.5235810838039998,True
2014-01-02,3.202064280874853,0.46469394113234064,1.7140844104360236,0.0,1.4879798704388296,True
2014-01-03,3.163327994514992,0.4601391628060534,1.7077568994379118,0.0,1.4555710950770802,True
2014-01-06,3.142232278133485,0.45830586265782974,1.7021288032322408,0.0,1.4401034749012445,True
2014-01-07,3.1926658044143763,0.4627552935199478,1.7152428029815012,0.0,1.477423001432875,True
2014-01-08,3.205772257441139,0.46430975882144154,1.7173009137521758,0.0,1.4884713436889636,True
2014-01-09,3.188135859512027,0.4620649903420595,1.7150098943774286,0.0,1.4731259651345983,True
2014-01-10,3.207961516061987,0.4638015828331431,1.720103887244628,0.0,1.487857628817359,True
2014-01-13,3.11764118464032,0.4560144321727503,1.6959518101081839,0.0,1.421689374532136,True
2014-01-14,3.2244415404421236,0.46615195676554655,1.7213618068889147,0.0,1.5030797335532091,True
2014-01-15,3.271259737642673,0.47021296373521454,1.733071001258031,0.0,1.5381887363846416,True
2014-01-16,3.273424790733894,0.4708773579039984,1.7320431739756692,0.0,1.5413816167582246,True
2014-01-17,3.2374870072477777,0.46764855757315954,1.7234808781465094,0.0,1.5140061291012683,True
2014-01-21,3.2804723312780375,0.4718489895416159,1.7325847765452664,0.0,1.547887554732771,True
2014-01-22,3.2976494324602843,0.4737465780521242,1.7353992982166948,0.0,1.5622501342435893,True
2014-01-23,3.2688256352314617,0.472178176994446,1.7253575058751585,0.0,1.5434681293563035,True
2014-01-24,3.1419977246967914,0.46212988509055825,1.689986677227868,0.0,1.4520110474689236,True
2014-01-27,3.0874289940569932,0.45661994404452105,1.677647339549257,0.0,1.4097816545077362,True
2014-01-28,3.091444119867565,0.455867961402678,1.6821537911532418,0.0,1.4092903287143228,True
2014-01-29,3.029913150456414,0.45045888413919255,1.665061853663152,0.0,1.3648512967932618,True
2014-01-30,3.1260661705545174,0.45961579400872715,1.6892767854512818,0.0,1.4367893851032356,True
2014-01-31,3.1088054320239804,0.45892949751163553,1.6820829172437723,0.0,1.4267225147802083,True
2014-02-03,2.9760497591121005,0.4476395074654758,1.643852310750412,0.0,1.3321974483616885,True
2014-02-04,3.0138774358353277,0.4506560938104222,1.6556552033784078,0.0,1.3582222324569202,True
2014-02-05,2.9981726607815142,0.4488402778489148,1.6524720106773192,0.0,1.345700650104195,True
2014-02-06,3.0711646860067394,0.45496102048129167,1.6739044663950076,0.0,1.3972602196117319,True
2014-02-07,3.1706163347126033,0.4640762226128858,1.699208682744465,0.0,1.471407651968138,True
2014-02-10,3.204049809765407,0.46766267280127705,1.7056353119420933,0.0,1.4984144978233136,True
2014-02-11,3.2744102724909845,0.47328491706754916,1.7246812782299579,0.0,1.5497289942610266,True
2014-02-12,3.2838530254064255,0.4741669147229546,1.7267585679458206,0.0,1.557094457460605,True
2014-02-13,3.3347348851757594,0.4789328002199792,1.7376209686272823,0.0,1.5971139165484773,True
2014-02-14,3.345939749480652,0.47872333847028714,1.744160302288838,0.0,1.601779447191814,True
2014-02-18,3.376298173556949,0.4818361792327712,1.7494755616596849,0.0,1.6268226118972642,True
2014-02-19,3.328895889856914,0.4780027969145079,1.7376743438680995,0.0,1.5912215459888146,True
2014-02-20,3.361173118920712,0.4802790052677137,1.7468722368328935,0.0,1.6143008820878184,True
2014-02-21,3.3506646886073206,0.4792937869199068,1.7447119213059077,0.0,1.6059527673014131,True
2014-02-24,3.3883956566164146,0.48228975688714976,1.75420713914941,0.0,1.6341885174670048,True
2014-02-25,3.381200893372905,0.4815732784887325,1.7529048939222838,0.0,1.6282959994506212,True
2014-02-26,3.375069411329408,0.48084748186990406,1.7521757837555227,0.0,1.6228936275738854,True
2014-02-27,3.417269350158703,0.48424983218323553,1.762457240819437,0.0,1.6548121093392663,True
2014-02-28,3.410175395237821,0.4828090527196701,1.763711843055122,0.0,1.646463552182699,True
2014-03-03,3.3613426196352227,0.4790859568477789,1.7509705744140622,0.0,1.6103720452211603,True
2014-03-04,3.44959572316582,0.48561906464522037,1.7744062746778817,0.0,1.6751894484879382,True
2014-03-05,3.466592251155348,0.48720445772201365,1.777653053287872,0.0,1.688939197867476,True
2014-03-06,3.4614629205965337,0.48608211186933464,1.7789077139955756,0.0,1.6825552066009581,True
2014-03-07,3.433380969850645,0.4830500046589589,1.7748862763683102,0.0,1.6584946934823348,True
2014-03-10,3.4371304440287203,0.4835229973933482,1.7751988293000238,0.0,1.6619316147286967,True
2014-03-11,3.408298368129838,0.48156204675728254,1.7669912300137274,0.0,1.6413071381161108,True
2014-03-12,3.430278573868927,0.4838445326400129,1.7705570404702657,0.0,1.659721533398661,True
2014-03-13,3.33737512362023,0.4761999051693102,1.7481174062378615,0.0,1.5892577173823683,True
2014-03-14,3.2962937634274905,0.4722281897397375,1.7396909266737404,0.0,1.5566028367537503,True
2014-03-17,3.3533062897028083,0.47657348449084835,1.7552094266540628,0.0,1.5980968630487455,True
2014-03-18,3.4276184277488113,0.4830025695975247,1.772069919546308,0.0,1.6555485082025034,True
2014-03-19,3.390849009995998,0.48020303901781314,1.762553010545377,0.0,1.6282959994506212,True
2014-03-20,3.411208269386895,0.4810795839118091,1.770145614513725,0.0,1.6410626548731697,True
2014-03-21,3.3369724766469977,0.47375566135459024,1.7560628740510347,0.0,1.5809096025959632,True
2014-03-24,3.2858716986596015,0.46901863811355315,1.744736629538408,0.0,1.5411350691211938,True
2014-03-25,3.3071205480350128,0.4703113385676313,1.7517442562841474,0.0,1.5553762917508653,True
2014-03-26,3.2303683044833913,0.463168459562383,1.734163593076672,0.0,1.4962047114067194,True
2014-03-27,3.1971606648372894,0.459685471164593,1.7274723582326563,0.0,1.469688306604633,True
2014-03-28,3.21268506834505,0.46044471202907544,1.733421217210803,0.0,1.479263851134247,True
2014-03-31,3.2554218653424862,0.46345027118136606,1.7466957190397625,0.0,1.5087261463027237,True
2014-04-01,3.35831274912468,0.4735963632839031,1.7678280443692647,0.0,1.5904847047554151,True
2014-04-02,3.3760719381613398,0.4748141505394948,1.7730652086830374,0.0,1.6030067294783024,True
2014-04-03,3.3300511298695596,0.4700217964815969,1.7648545154326973,0.0,1.565196614436862,True
2014-04-04,3.171913982616408,0.45428807751723205,1.7309512774035731,0.0,1.4409627052128349,True
2014-04-07,3.1109212581363805,0.4493046534986094,1.7131698601879561,0.0,1.3977513979484244,True
2014-04-08,3.1614008978803074,0.4544787046991069,1.7246115127770718,0.0,1.4367893851032356,True
2014-04-09,3.2591085959473887,0.4634535632057263,1.7486631042811596,0.0,1.5104454916662289,True
2014-04-10,3.0742059067829954,0.4459651636859355,1.7032171663602471,0.0,1.3709887404227483,True
2014-04-11,3.0087505627863376,0.4397547967939817,1.6856380704444536,0.0,1.323112492341884,True
2014-04-14,3.051713255220003,0.44329901582007736,1.6988917726158912,0.0,1.3528214826041118,True
2014-04-15,3.073872425901211,0.44449603145750305,1.707548331381475,0.0,1.366324094519736,True
2014-04-16,3.1471942312727132,0.45099120035878004,1.7278373271488043,0.0,1.419356904123909,True
2014-04-17,3.149338389904114,0.4509181197897711,1.729244644546806,0.0,1.4200937453573081,True
2014-04-21,3.1909362702301705,0.45511944763191314,1.7386791174943783,0.0,1.4522571527357924,True
2014-04-22,3.237394535750857,0.45958489531838187,1.7495369069334983,0.0,1.487857628817359,True
2014-04-23,3.1871400698734917,0.4541207845565701,1.73979352085086,0.0,1.4473465490226318,True
2014-04-24,3.2399458048980616,0.4599048611104631,1.7498789794909908,0.0,1.4900668254070706,True
2014-04-25,3.1468494811106025,0.4506503704947857,1.7287205965567851,0.0,1.4181288845538171,True
2014-04-28,3.1676180060001444,0.452501445520955,1.734266279426874,0.0,1.4333517265732705,True
2014-04-29,3.2102459404599824,0.45635869895117864,1.745222279758362,0.0,1.4650236607016205,True
2014-04-30,3.2281644164046313,0.4578566572807721,1.7501278475568725,0.0,1.4780365688477588,True
2014-05-01,3.2441194937530886,0.45969180320338315,1.752824353862485,0.0,1.4912951398906038,True
2014-05-02,3.233896934632568,0.4588672464746272,1.749967552854984,0.0,1.4839293817775838,True
2014-05-05,3.2612872943001854,0.46148761939703065,1.7562435846838098,0.0,1.5050437096163758,True
2014-05-06,3.184072802259239,0.4544038000112465,1.7372180214001829,0.0,1.4468547808590564,True
2014-05-07,3.1736756895179097,0.4517925562156253,1.7398326371512263,0.0,1.4338430523666836,True
2014-05-08,3.167034794507638,0.45118932816112334,1.7381024933108356,0.0,1.4289323011968025,True
2014-05-09,3.1882428423605305,0.4534247569378526,1.7426146065043586,0.0,1.4456282358561718,True
2014-05-12,3.2815438560443058,0.462005726079193,1.7654518041718414,0.0,1.5160920518724643,True
2014-05-13,3.2861274142046533,0.46233284527110174,1.7668427768720474,0.0,1.5192846373326057,True
2014-05-14,3.254750996838937,0.4598496739414066,1.7580548121820836,0.0,1.4966961846568534,True
2014-05-15,3.2055087047620097,0.45611407035223145,1.7434310818835004,0.0,1.4620776228785095,True
2014-05-16,3.2414871271566237,0.45945908869417296,1.7521564056993486,0.0,1.489330721457275,True
2014-05-19,3.2827117918201547,0.4634119510286609,1.7614639157079854,0.0,1.5212478761121693,True
2014-05-20,3.257272896298954,0.46190585312318844,1.7527194802789468,0.0,1.5045534160200074,True
2014-05-21,3.315495360601827,0.4666051747824857,1.7684680683776912,0.0,1.547027292224136,True
2014-05-22,3.3406788999691073,0.4688203448230618,1.7745006661424636,0.0,1.5661782338266437,True
2014-05-23,3.3858080309573717,0.47294120244189397,1.7845199095589712,0.0,1.6012881213984007,True
2014-05-27,3.462563550022302,0.47982962907295196,1.8011229661735773,0.0,1.661440583848725,True
2014-05-28,3.4434202934102993,0.4779336889667575,1.7976937299177203,0.0,1.6457265634925788,True
2014-05-29,3.487208939772884,0.4815079212988358,1.8080902120481255,0.0,1.6791187277247583,True
2014-05-30,3.4872914849677974,0.4810740218886214,1.8096461447963959,0.0,1.6776453401714013,True
2014-06-02,3.483258273094849,0.48043268805175665,1.809787137773371,0.0,1.6734711353214782,True
2014-06-03,3.479937632880061,0.4801856964465469,1.8089213570450011,0.0,1.67101627583506,True
2014-06-04,3.502817400898496,0.48209587786421565,1.8141235710142851,0.0,1.6886938298842107,True
2014-06-05,3.5603124220964815,0.4866543523704575,1.8276708860846234,0.0,1.732641536011858,True
2014-06-06,3.597920161429931,0.48934688777366536,1.8372891279760708,0.0,1.7606310334538604,True
2014-06-09,3.594977233129442,0.48885973781748443,1.8375376054819577,0.0,1.7574396276474846,True
2014-06-10,3.606722395894013,0.4900588426404111,1.8392161928369424,0.0,1.7675062030570707,True
2014-06-11,3.600626475625976,0.4901384238846074,1.8358210898654712,0.0,1.7648053857605046,True
2014-06-12,3.5396687291281657,0.4855389416340234,1.8210217206522277,0.0,1.7186470084759382,True
2014-06-13,3.5568999982729554,0.4864999720080606,1.8264682486776918,0.0,1.7304317495952637,True
2014-06-16,3.5648277662989205,0.4872088379204529,1.8280121728938599,0.0,1.7368155934050609,True
2014-06-17,3.5703177984147465,0.4871473202125515,1.831047050609826,0.0,1.7392707478049205,True
2014-06-18,3.613858633905323,0.49004208763866847,1.842915804515332,0.0,1.770942829389991,True
2014-06-19,3.6074234607491924,0.4890107056124381,1.8433547687653664,0.0,1.764068691983826,True
2014-06-20,3.616762141472147,0.4895130835494388,1.8463097531352448,0.0,1.770452388336902,True
2014-06-23,3.618642517377525,0.4898013311672463,1.846226595347618,0.0,1.772415922029907,True
2014-06-24,3.6072764148281315,0.4899835775798965,1.8397702117710606,0.0,1.7675062030570707,True
2014-06-25,3.649751363522165,0.4931757319448834,1.8497825634002851,0.0,1.7999688001218799,True
2014-06-26,3.6544966308985574,0.49387935421035173,1.8496161948664716,0.0,1.8048804360320856,True
2014-06-27,3.6782826557789825,0.4955590632316112,1.8554763485800672,0.0,1.8228063071989156,True
2014-06-30,3.6928985049183654,0.4972551372705196,1.8565857519290867,0.0,1.8363127529892784,True
2014-07-01,3.770928633436601,0.5033105170419011,1.872980593213516,0.0,1.897948040223085,True
2014-07-02,3.7808248759406213,0.5039416107618189,1.8755098979507503,0.0,1.9053149779898708,True
2014-07-03,3.8279420191461853,0.5072971695158933,1.886037867762372,0.0,1.9419041513838133,True
2014-07-07,3.8031389560946796,0.5056984792412684,1.8798973696543748,0.0,1.9232415864403045,True
2014-07-08,3.7187270579767837,0.4991500764088358,1.8625241628440667,0.0,1.8562028951327167,True
2014-07-09,3.771810190508724,0.5032581306096781,1.8736160450187698,0.0,1.8981941454899538,True
2014-07-10,3.747217093900499,0.5017771281555989,1.8669492619475374,0.0,1.8802678319529615,True
2014-07-11,3.787177061125246,0.5051067272471382,1.8742484502748382,0.0,1.912928610850408,True
2014-07-14,3.8340898400201944,0.5084689336291796,1.8845742676266546,0.0,1.94951557239354,True
2014-07-15,3.808700481976877,0.5065074415230546,1.879565345323144,0.0,1.929135136653733,True
2014-07-16,3.8377719621826865,0.5083650811161633,1.8867827073223482,0.0,1.9509892548603385,True
2014-07-17,3.7367126008284153,0.5012820624839531,1.8635656013753708,0.0,1.8731469994530445,True
2014-07-18,3.849652950263212,0.5096028580800764,1.8878588041926805,0.0,1.9617941460705313,True
2014-07-21,3.8395866963246466,0.5090841484618112,1.8849139725809154,0.0,1.9546727237437314,True
2014-07-22,3.8884817290409606,0.5126606790167252,1.8950100454866925,0.0,1.9934716835542683,True
2014-07-23,3.9339917549390284,0.516218124526752,1.9031939093006973,0.0,2.030797845638331,True
2014-07-24,3.925841674941992,0.5154757364044721,1.902165546543903,0.0,2.0236761283980895,True
2014-07-25,3.8928654510562692,0.5134710628067557,1.8939916905387064,0.0,1.9988737605175628,True
2014-07-28,3.8959987936144156,0.5136886952381897,1.894668256673065,0.0,2.0013305369413503,True
2014-07-29,3.8801951628367135,0.5131860920612441,1.888932970785598,0.0,1.9912621920511155,True
2014-07-30,3.9078730818120246,0.5156464863158062,1.892792058207533,0.0,2.0150810236044916,True
2014-07-31,3.747276330851368,0.5049803045358339,1.8549755881181218,0.0,1.8923007427332459,True
2014-08-01,3.7191707205570532,0.5029199888775208,1.8487254231408994,0.0,1.870445297416154,True
2014-08-04,3.770499710377873,0.5062334114970627,1.8617467789445956,0.0,1.9087529314332776,True
2014-08-05,3.709652147889624,0.5024893155889224,1.8455915790235908,0.0,1.864060568866033,True
2014-08-06,3.706065833188869,0.5021143186461742,1.8451971124993745,0.0,1.8608687206894947,True
2014-08-07,3.680215964230803,0.500770299198421,1.8372731147081385,0.0,1.8429428495226645,True
2014-08-08,3.7367632573381604,0.503706661534806,1.8545307120384287,0.0,1.882232545299732,True
2014-08-11,3.779054678955076,0.5071016319200359,1.8626898841419097,0.0,1.9163647948131664,True
2014-08-12,3.7729467377731307,0.50675118279259,1.861001515793153,0.0,1.911945221979978,True
2014-08-13,3.8512230441648097,0.5125834798286812,1.8771497345904047,0.0,1.9740733095744052,True
2014-08-14,3.89096981319961,0.515172871144969,1.8864477229951633,0.0,2.0045220902044467,True
2014-08-15,3.9226083207690676,0.5179665145724268,1.890828560827514,0.0,2.031779759941554,True
2014-08-18,3.986922618038752,0.5219294389497089,1.9060303328698818,0.0,2.0808922851688703,True
2014-08-19,4.033088630077816,0.524844338109239,1.9163448974887272,0.0,2.116743732589089,True
2014-08-20,4.03564798097286,0.5245114892500641,1.9189042483837713,0.0,2.116743732589089,True
2014-08-21,4.052423087456488,0.5253096461897186,1.923646149173673,0.0,2.1287769382828152,True
2014-08-22,4.060736577714395,0.5262902177743419,1.9236106399048503,0.0,2.137125937809545,True
2014-08-25,4.092830073577746,0.527982980739098,1.9318854516715458,0.0,2.1609446219062,True
2014-08-26,4.101796477528335,0.5286248888770537,1.933484770398629,0.0,2.1683117071297064,True
2014-08-27,4.101851112775227,0.5286779182589139,1.9332930054652107,0.0,2.1685581073100164,True
2014-08-28,4.091411178891007,0.5278661909308643,1.9316935443578538,0.0,2.159717634533153,True
2014-08-29,4.123049962326646,0.529950063881953,1.9380393714031559,0.0,2.18501059092349,True
2014-09-02,4.143554443303945,0.5317130516025164,1.9403724657736385,0.0,2.2031819775303063,True
2014-09-03,4.099485477467469,0.5282040384014155,1.9341206929011967,0.0,2.165364784566272,True
2014-09-04,4.090336451948587,0.5277046259796213,1.9318469844422468,0.0,2.15848946750634,True
2014-09-05,4.132933914210522,0.530346227034244,1.9410480062271014,0.0,2.1918859079834205,True
2014-09-08,4.14332106123455,0.5316836034924716,1.9403851889711135,0.0,2.202935872263437,True
2014-09-09,4.0756004689472745,0.5273834452002318,1.92619625237418,0.0,2.149404216573094,True
2014-09-10,4.13702954346232,0.5316018480729024,1.9377769926255548,0.0,2.199252550836765,True
2014-09-11,4.135650359017167,0.5313635708989444,1.938116416260304,0.0,2.197533942756863,True
2014-09-12,4.090423201597012,0.5287741551270575,1.9275131290604388,0.0,2.1629100725365737,True
2014-09-15,4.01532316929082,0.5224575970920601,1.917487074715063,0.0,2.097836094575757,True
2014-09-16,4.087644748184506,0.527091113146145,1.9330835277179415,0.0,2.154561220466565,True
2014-09-17,4.100963253636602,0.5279538690484603,1.935843837053595,0.0,2.165119416583006,True
2014-09-18,4.160072897994237,0.5316676538649068,1.9482967004106575,0.0,2.2117761975835797,True
2014-09-19,4.153680920837759,0.5313035921462439,1.94681532696734,0.0,2.2068655938704196,True
2014-09-22,4.0771914095353186,0.5265752001484175,1.9302435270158493,0.0,2.146947882519469,True
2014-09-23,4.050372830806504,0.5254542122259152,1.9220873657738222,0.0,2.1282854650326812,True
2014-09-24,4.137212110657911,0.5311037507665083,1.9399232409708724,0.0,2.197288869687039,True
2014-09-25,3.961679161887573,0.5194284011238575,1.903870489062607,0.0,2.0578086728249656,True
2014-09-26,4.045182896462419,0.5249750471612068,1.9215628146163535,0.0,2.1236200818460653,True
2014-09-29,4.035049378545741,0.5245284917352421,1.9185510139399178,0.0,2.1164983646058237,True
2014-09-30,4.0417441013840625,0.5256040139582305,1.9173871783045977,0.0,2.1243569230794646,True
2014-10-01,3.911756385870651,0.5170807483020772,1.889062466689226,0.0,2.022693919181425,True
2014-10-02,3.9109196717793484,0.5169401533965802,1.8892082567280293,0.0,2.0217114150513193,True
2014-10-03,3.9915471137742204,0.5217553448182334,1.9089360730687277,0.0,2.0826110407054927,True
2014-10-06,3.9741463137089266,0.520456049599996,1.9057778227435918,0.0,2.0683684909653346,True
2014-10-07,3.85849562762105,0.5133991768701229,1.8775471484434345,0.0,1.9809484791776155,True
2014-10-08,4.0076213546973545,0.5228487730066729,1.9122414467185023,0.0,2.095379907978852,True
2014-10-09,3.8688535256608496,0.5146269737254002,1.8778371439631616,0.0,1.991016381697688,True
2014-10-10,3.6856210287130096,0.499769208139556,1.843661125690613,0.0,1.8419599030223965,True
2014-10-13,3.569839133920448,0.4918338194032623,1.8140715180291203,0.0,1.755767615891328,True
2014-10-14,3.574534269524705,0.49208111002730326,1.8155734783463526,0.0,1.7589607911783525,True
2014-10-15,3.5249621236982174,0.48834279363317235,1.8035722727603096,0.0,1.7213898509379075,True
2014-10-16,3.4917590600922708,0.4853206902318598,1.7971361429249402,0.0,1.6946229171673308,True
2014-10-17,3.5805185356561706,0.4918070685392075,1.819594210784813,0.0,1.7609243248713573,True
2014-10-20,3.6788293361680355,0.4992901344957821,1.8420261421256683,0.0,1.8368031940423672,True
2014-10-21,3.864927560445635,0.512417626191972,1.8844705545181537,0.0,1.9804570059274813,True
2014-10-22,3.8226696170224757,0.5100525190052876,1.872907349535184,0.0,1.9497622674872916,True
2014-10-23,3.9367846179669437,0.5179102694526617,1.8978834356985896,0.0,2.038901182268354,True
2014-10-24,3.998748866999547,0.5216138743034165,1.9129459781175158,0.0,2.085802888882031,True
2014-10-27,4.005971876136666,0.5226350470333467,1.912310576237716,0.0,2.0936612998989506,True
2014-10-28,4.124934494891869,0.5302436632748079,1.9377141175517856,0.0,2.187220377340084,True
2014-10-29,4.093614999563281,0.5278817431870697,1.9326703776570808,0.0,2.1609446219062,True
2014-10-30,4.115350185092418,0.5283758513188626,1.9408985275689734,0.0,2.174451657523445,True
2014-10-31,4.229466594340463,0.5353112066023856,1.9653857284395866,0.0,2.2640808659008758,True
2014-11-03,4.25623873487722,0.5374251401894893,1.968829036105895,0.0,2.2874096987713246,True
2014-11-04,4.225221894010585,0.535616626966362,1.9621227949562121,0.0,2.263099099054373,True
2014-11-05,4.231269486051765,0.5347930664954825,1.9684159024373773,0.0,2.2628535836143877,True
2014-11-06,4.257715843784503,0.536027549401394,1.9754628539932073,0.0,2.2822529897912953,True
2014-11-07,4.252117221191372,0.5354049275268624,1.9755127085436817,0.0,2.2766045126476904,True
2014-11-10,4.282054469814899,0.5371097482001062,1.9821212717534795,0.0,2.299933198061419,True
2014-11-11,4.307992480720379,0.5389491622101682,1.9862035424284261,0.0,2.3217889382919523,True
2014-11-12,4.321438371251421,0.5402270274397689,1.9868805656861097,0.0,2.334557805565312,True
2014-11-13,4.356783928164091,0.5427205782030532,1.9922676355651068,0.0,2.364516292598985,True
2014-11-14,4.381980239728818,0.5445873486595539,1.9956092390963442,0.0,2.386371000632473,True
2014-11-17,4.357272620744636,0.5425469829469363,1.9932475064823443,0.0,2.3640251142622923,True
2014-11-18,4.423525847385151,0.546411811450925,2.006459076115443,0.0,2.4170667712697083,True
2014-11-19,4.386671622296539,0.5440049326927153,2.000300621664066,0.0,2.386371000632473,True
2014-11-20,4.424561454739893,0.5465058091860905,2.006512916623682,0.0,2.4180485381162105,True
2014-11-21,4.449300547444162,0.5473858727171,2.013816284300769,0.0,2.4354842631433935,True
2014-11-24,4.514983964563967,0.5516055124929364,2.0244939208932697,0.0,2.490490043670697,True
2014-11-25,4.52390154405484,0.5523093420701972,2.025308458667562,0.0,2.4985930853872778,True
2014-11-26,4.584137390053314,0.5561939405990157,2.0344679508322736,0.0,2.54966943922104,True
2014-11-28,4.624768413194683,0.559537671171196,2.0370362655696233,0.0,2.5877321476250605,True
2014-12-01,4.51063681181542,0.552517974388619,2.018428897348426,0.0,2.4922079144669946,True
2014-12-02,4.547970170609695,0.5538678056177748,2.0289959121990058,0.0,2.5189742584106884,True
2014-12-03,4.576558387808312,0.5553980207803143,2.0347469172340293,0.0,2.5418114705742827,True
2014-12-04,4.5673380948526265,0.5548526093554814,2.0331386351149536,0.0,2.534199459737673,True
2014-12-05,4.570818143463153,0.5548061934822278,2.034899928188858,0.0,2.5359182152742954,True
2014-12-08,4.502017352995155,0.5511214635604295,2.0208589604380145,0.0,2.4811583925571403,True
2014-12-09,4.528584859525607,0.5532023141889986,2.0233612352347796,0.0,2.5052236242908266,True
2014-12-10,4.37515373612595,0.5448757352832786,1.9912386271769396,0.0,2.3839151089490103,True
2014-12-11,4.422250097640495,0.5475134524349163,2.0010086791507016,0.0,2.4212414184897932,True
2014-12-12,4.315134964587342,0.5425526139634583,1.973947209945365,0.0,2.3411877546419775,True
2014-12-15,4.227934557564357,0.5371315211540717,1.9569776373199472,0.0,2.27095692024441,True
2014-12-16,4.0916782443501445,0.5274716792349582,1.9334338499136285,0.0,2.158244394436516,True
2014-12-17,4.244133640892672,0.5358336230963329,1.9699841351881209,0.0,2.274149505704551,True
2014-12-18,4.4589322522355035,0.5474147553342832,2.018046944325861,0.0,2.4408853079096424,True
2014-12-19,4.494923102215099,0.5490957723712537,2.0267798296549078,0.0,2.4681432725601913,True
2014-12-22,4.524878139033783,0.5504923687698481,2.033967253882173,0.0,2.4909108851516093,True
2014-12-23,4.49882787165853,0.5483843054413315,2.031741273958963,0.0,2.467086597699567,True
2014-12-24,4.504961293883005,0.5487825272372704,2.0327172499198056,0.0,2.472244043963199,True
2014-12-26,4.5655531311999304,0.5524735789660545,2.043205652846228,0.0,2.5223474783537023,True
2014-12-29,4.567222597091517,0.5523792732736835,2.0443834980309594,0.0,2.5228390990605574,True
2014-12-30,4.502855919403347,0.5487120375293101,2.032084673166621,0.0,2.4707712462367253,True
2014-12-31,4.404986957672454,0.5433400237970608,2.01158123926496,0.0,2.393405718407494,True
2015-01-02,4.381781309764488,0.5417335616049929,2.008023314651582,0.0,2.3737579951129066,True
2015-01-05,4.2420838868837,0.5343884044775331,1.9751634469120676,0.0,2.2669204399716323,True
2015-01-06,4.129649340022575,0.5271705813549188,1.9526196966509175,0.0,2.177029643371658,True
2015-01-07,4.238150886191188,0.5334354092159387,1.9773711338968984,0.0,2.2607797522942894,True
2015-01-08,4.403559967536762,0.54267941901573,2.013838602752985,0.0,2.389721364783777,True
2015-01-09,4.340479761194757,0.5394192092379735,1.9991416006976537,0.0,2.341338160497104,True
2015-01-12,4.250265026632052,0.5339375709464049,1.9808888424336775,0.0,2.2693761841983746,True
2015-01-13,4.245221666043597,0.5341090181637824,1.977810490105435,0.0,2.2674111759381623,True
2015-01-14,4.198920426975784,0.5316927263722523,1.966384977336887,0.0,2.2325354496388963,True
2015-01-15,4.088494668603609,0.5243674582267612,1.9446211112542702,0.0,2.143873557349339,True
2015-01-16,4.1890433847901605,0.530014827381043,1.9687882783089037,0.0,2.220255106481257,True
2015-01-20,4.24807464915156,0.5342128779802922,1.9786984649531856,0.0,2.2693761841983746,True
2015-01-21,4.293006994916257,0.5367452984352069,1.9887556742454995,0.0,2.3042513206707573,True
2015-01-22,4.454399597510461,0.546079650785407,2.021942620843291,0.0,2.43245697666717,True
2015-01-23,4.4673013386186895,0.5481309567195229,2.018635181927222,0.0,2.448666156691468,True
2015-01-26,4.463099947841137,0.5474362620535815,2.01983719522345,0.0,2.4432627526176867,True
2015-01-27,4.23448034604063,0.532331748985,1.9803320173902135,0.0,2.254148328650417,True
2015-01-28,4.1779012489036,0.5302527479818105,1.962557630875828,0.0,2.2153436180277724,True
2015-01-29,4.26050632828832,0.5350177004630895,1.981060029719063,0.0,2.279446298569258,True
2015-01-30,4.188057024072487,0.5317818668770284,1.960924241223768,0.0,2.2271327828487193,True
2015-02-02,4.267186446101665,0.5356189571087473,1.9816004920521095,0.0,2.285585954049555,True
2015-02-03,4.353419655247821,0.5393391672606941,2.0054499236501235,0.0,2.3479697315976975,True
2015-02-04,4.342584220300054,0.5392708068887664,2.000755323836419,0.0,2.341828896463635,True
2015-02-05,4.42347571046926,0.5434565867346082,2.0195086993541906,0.0,2.40396701111507,True
2015-02-06,4.3708346820512975,0.5399995805821399,2.0105857869497266,0.0,2.3602488951015714,True
2015-02-09,4.337084907222348,0.5381991161196857,2.0028696436192517,0.0,2.3342152636030966,True
2015-02-10,4.47509010389259,0.546573395206187,2.0291249119544092,0.0,2.445965191938181,True
2015-02-11,4.5068794241137144,0.5488216708208806,2.0334063283833776,0.0,2.473473095730337,True
2015-02-12,4.6149462148762534,0.5547030539556962,2.055021455643115,0.0,2.5599247592331382,True
2015-02-13,4.692590413193729,0.5592898473222883,2.0680722374525753,0.0,2.624518175741154,True
2015-02-17,4.7023076218516895,0.5596489482687282,2.070666106846367,0.0,2.631641515005323,True
2015-02-18,4.715155156710052,0.5605200616480872,2.072216097590638,0.0,2.642939059119415,True
2015-02-19,4.759326462246323,0.5636776858440686,2.0766003358308773,0.0,2.6827261264154454,True
2015-02-20,4.824077605444423,0.5668035729443062,2.089773182517911,0.0,2.7343044229265123,True
2015-02-23,4.835795306243002,0.5676647722667788,2.09068466499581,0.0,2.7451106412471913,True
2015-02-24,4.845183143875487,0.5677304359927247,2.0944252051384566,0.0,2.7507579387370305,True
2015-02-25,4.819586065533634,0.5661594458942684,2.0909318892313746,0.0,2.728654176302259,True
2015-02-26,4.865166606429295,0.5693868859225181,2.095004542900294,0.0,2.770162063529001,True
2015-02-27,4.820384995035084,0.5670847551025567,2.0868181506255747,0.0,2.73356684440951,True
2015-03-02,4.910087482329992,0.57173069396504,2.1028397586284098,0.0,2.807247723701582,True
2015-03-03,4.8605896809285705,0.569265878768094,2.0936218248836385,0.0,2.766967856044932,True
2015-03-04,4.821439114637766,0.5675211241679188,2.0851705681913653,0.0,2.7362685464464,True
2015-03-05,4.836440273972979,0.5682490289838911,2.08813778454925,0.0,2.7483024894237293,True
2015-03-06,4.715378427267771,0.562785280818107,2.0616328549142353,0.0,2.653745572353536,True
2015-03-09,4.7481685945031735,0.5642782616292309,2.068880274074414,0.0,2.679288320428759,True
2015-03-10,4.563836761568808,0.5545648218059619,2.0328934411379045,0.0,2.530943320430904,True
2015-03-11,4.511137719893258,0.5511890120030757,2.0246481770554854,0.0,2.4864895428377722,True
2015-03-12,4.578300833122908,0.5535102946579611,2.0441641899482588,0.0,2.5341366431746497,True
2015-03-13,4.534923885082277,0.5516015723859842,2.033452739420137,0.0,2.50147114566214,True
2015-03-16,4.657420250923666,0.5576599978341354,2.0601632838809163,0.0,2.59725696704275,True
2015-03-17,4.670490379166726,0.5592020584285106,2.0587425452661385,0.0,2.6117478339005875,True
2015-03-18,4.768132544991392,0.5635123982983629,2.0812307391588156,0.0,2.686901805832576,True
2015-03-19,4.7779459172524525,0.5650793755452878,2.0780272219422793,0.0,2.6999186953101733,True
2015-03-20,4.849839725199879,0.5682489372630569,2.0939234554588917,0.0,2.7559162697409874,True
2015-03-23,4.8226873030384425,0.5666611557179294,2.089857742232495,0.0,2.732829560805948,True
2015-03-24,4.785300286892232,0.5652887539569714,2.080223850404984,0.0,2.7050764364872477,True
2015-03-25,4.557638306617239,0.5521409932892501,2.0411793649484613,0.0,2.516458941668778,True
2015-03-26,4.531091395545301,0.5508223702675743,2.035264893152027,0.0,2.4958265023932737,True
2015-03-27,4.561560089973696,0.5524202624802432,2.0416618677510248,0.0,2.5198982222226713,True
2015-03-30,4.676356272883991,0.5582411620645414,2.0658217128814247,0.0,2.610534560002567,True
2015-03-31,4.575580974233677,0.5528746377656509,2.0458583005368283,0.0,2.5297226736968486,True
2015-04-01,4.523896902525873,0.5497435687692471,2.036913674587157,0.0,2.4869832279387167,True
2015-04-02,4.532415785729371,0.5496317228940736,2.0412562885466405,0.0,2.49115949718273,True
2015-04-06,4.607569799531568,0.5536741086205208,2.0564776978690955,0.0,2.5510921016624724,True
2015-04-07,4.591311800592154,0.5530666555790913,2.052010338317835,0.0,2.539301462274318,True
2015-04-08,4.663347695790549,0.5574806870254359,2.063621418502751,0.0,2.599726277287798,True
2015-04-09,4.722784340717878,0.5607108166580187,2.0746680761342535,0.0,2.648116264583624,True
2015-04-10,4.764383770684706,0.5624654937130966,2.0845823008678686,0.0,2.6798014698168378,True
2015-04-13,4.737163276056757,0.5614977063570875,2.0772569619118615,0.0,2.6599063141448953,True
2015-04-14,4.713309875795272,0.5594926683082129,2.0762475568231236,0.0,2.637062318972148,True
2015-04-15,4.7711274118958045,0.562494197838008,2.0873959255585426,0.0,2.683731486337262,True
2015-04-16,4.7600434515479755,0.5618429565426702,2.0856465654586844,0.0,2.6743968860892915,True
2015-04-17,4.606755809698555,0.5533989094173652,2.057382168659263,0.0,2.5493736410392915,True
2015-04-20,4.745554693330558,0.5612293782435068,2.0822099833720937,0.0,2.6633447099584644,True
2015-04-21,4.782906763401883,0.5639848260712438,2.0854199243296967,0.0,2.6974868390721864,True
2015-04-22,4.837445448491435,0.5666643853382719,2.0962373968146153,0.0,2.74120805167682,True
2015-04-23,4.876952903243062,0.5688230132622455,2.1028298572822868,0.0,2.7741230459607746,True
2015-04-24,5.00222815535661,0.576281215380464,2.1195380343773267,0.0,2.8826901209792837,True
2015-04-27,4.976715334860046,0.5755338341102455,2.1124472769127887,0.0,2.864268057947257,True
2015-04-28,4.959298680763077,0.5737910539239796,2.1136974640042294,0.0,2.845601216758847,True
2015-04-29,4.894037869480668,0.5703502882917303,2.1027219597117237,0.0,2.791315909768944,True
2015-04-30,4.735800707351935,0.5617109453469221,2.075649615050657,0.0,2.6601510923012777,True
2015-05-01,4.868329825396147,0.5685186706198706,2.1005934249228626,0.0,2.767736400473284,True
2015-05-04,4.8828794977965515,0.5688367781813469,2.105318056022208,0.0,2.7775614417743437,True
2015-05-05,4.722014047863619,0.5603340590886957,2.0761087493503543,0.0,2.6459052985132643,True
2015-05-06,4.6540961350108905,0.55637230731606,2.0646859299041247,0.0,2.5894102051067662,True
2015-05-07,4.708865044607983,0.5593425754112334,2.074996343293021,0.0,2.633868701314962,True
2015-05-08,4.832008013878025,0.5650654843232511,2.101607065262208,0.0,2.730400948615817,True
2015-05-11,4.79296593632766,0.5634161675240864,2.0925314374084354,0.0,2.700434498919225,True
2015-05-12,4.750220052705075,0.5611432474649761,2.0846661461568985,0.0,2.6655539065481757,True
2015-05-13,4.766303275957784,0.5621359539691609,2.0869928370209183,0.0,2.679310438936866,True
2015-05-14,4.911087997496743,0.5697206443010792,2.1131397793436024,0.0,2.797948218153141,True
2015-05-15,4.91198853922227,0.5695664215359039,2.11428480431207,0.0,2.7977037349102005,True
2015-05-18,4.954289474007849,0.5716440404242991,2.122199421654427,0.0,2.832090052353422,True
2015-05-19,4.944678577847599,0.5711157999539167,2.1206945163451723,0.0,2.8239840615024265,True
2015-05-20,4.949275413203909,0.5715286188628269,2.120622871923732,0.0,2.8286525412801775,True
2015-05-21,5.0023156817541805,0.5743561433066948,2.1292049391792496,0.0,2.873110742574931,True
2015-05-22,4.99085240290532,0.5741002335016706,2.1256028730250023,0.0,2.8652495298803182,True
2015-05-26,4.867974510419405,0.568206971747572,2.101957455309625,0.0,2.766017055109779,True
2015-05-27,5.0280189483953315,0.5765982408962295,2.128872067557674,0.0,2.8991468808376575,True
2015-05-28,5.003050278125606,0.5752045248357471,2.1252731201670136,0.0,2.877777157958592,True
2015-05-29,4.941478691418142,0.5725295137707971,2.1123362989117584,0.0,2.8291423925063834,True
2015-06-01,4.971989931503941,0.5740059272383748,2.1180382406511575,0.0,2.8539516908527838,True
2015-06-02,4.94154541691973,0.5722735124334473,2.1136298643296727,0.0,2.8279155525900577,True
2015-06-03,4.9723217262582455,0.5737205350954896,2.1195986448024358,0.0,2.8527230814558093,True
2015-06-04,4.893163724382483,0.5703018645668151,2.102583328736452,0.0,2.7905803956460313,True
2015-06-05,4.867743092842142,0.5689404089359572,2.098287347005352,0.0,2.7694557458367894,True
2015-06-08,4.7658935959651245,0.5633178551328213,2.0811806376948017,0.0,2.684712958270323,True
2015-06-09,4.75074883900148,0.5623216511463277,2.079299907672668,0.0,2.6714489313288112,True
2015-06-10,4.8833287505575065,0.5687338987584645,2.1060141513336346,0.0,2.777314599223872,True
2015-06-11,4.903492791408111,0.5695012764777253,2.110947387501868,0.0,2.792545403906243,True
2015-06-12,4.815762322346022,0.5651353808581315,2.0942046481847627,0.0,2.7215576741612595,True
2015-06-15,4.7684948936261335,0.5628561871604596,2.0845180393056064,0.0,2.683976854320527,True
2015-06-16,4.820879286016637,0.5652488888709145,2.0958826262149253,0.0,2.7249966598017115,True
2015-06-17,4.848307253926924,0.5667628341490492,2.1004668938659066,0.0,2.747840360061017,True
2015-06-18,4.9907181797161915,0.5738699084467843,2.126695194838759,0.0,2.864022984877433,True
2015-06-19,4.937016638329318,0.5712558645200548,2.1167169304506084,0.0,2.8202997078787093,True
2015-06-22,5.018278974644527,0.5755636947534127,2.129939786694756,0.0,2.8883391879497715,True
2015-06-23,5.02702266055277,0.5759796051716137,2.13156013333883,0.0,2.89546252721394,True
2015-06-24,4.969339663966913,0.5737187702929066,2.1183362227880496,0.0,2.851003441178863,True
2015-06-25,4.945338648593184,0.5727285432305382,2.1130020486027306,0.0,2.832336599990453,True
2015-06-26,4.885560137539009,0.5689769749904634,2.105788909348072,0.0,2.779771228190938,True
2015-06-29,4.6421197942560095,0.5564850793739087,2.0588493920862616,0.0,2.583270402169748,True
2015-06-30,4.677416174727237,0.558587291264893,2.064670943567752,0.0,2.612745231159485,True
2015-07-01,4.747432442270682,0.5616281047677004,2.081140957205504,0.0,2.6662914850651784,True
2015-07-02,4.756839951764152,0.5626345454788348,2.080477467587766,0.0,2.6763624841763862,True
2015-07-06,4.728871845709195,0.5611832892859705,2.075107988722291,0.0,2.653763856986904,True
2015-07-07,4.751508445290825,0.5613532538540258,2.084233718811937,0.0,2.667274726478888,True
2015-07-08,4.582257116436489,0.5529267195015436,2.048604721132658,0.0,2.5336523953038306,True
2015-07-09,4.576161589309768,0.5520529255445281,2.049878196166813,0.0,2.526283393142955,True
2015-07-10,4.7221381219238125,0.5598511234071772,2.0784437894809087,0.0,2.6436943324429043,True
2015-07-13,4.88694877107292,0.5686144640406777,2.1081590148150426,0.0,2.778789756257877,True
2015-07-14,4.954207807993981,0.5721495687767681,2.119659947019727,0.0,2.8345478609742543,True
2015-07-15,4.968517831665276,0.5732205192074628,2.120461460506569,0.0,2.8480563711587066,True
2015-07-16,5.103278538566189,0.5798871677642031,2.1439528005252004,0.0,2.959325738040989,True
2015-07-17,5.255330589538945,0.5888626142098687,2.1606628800459515,0.0,3.0946677094929935,True
2015-07-20,5.294232774179566,0.5910773662355768,2.1649316097794364,0.0,3.129301164400129,True
2015-07-21,5.280692203391778,0.5909646970330013,2.1599895352898235,0.0,3.1207026681019543,True
2015-07-22,5.1640970226704646,0.584473193960243,2.1458207419096773,0.0,3.0182762807607877,True
2015-07-23,5.117948622795968,0.5826884281364898,2.1357791844956733,0.0,2.982169438300295,True
2015-07-24,5.011661360595194,0.5781371928217213,2.1142335302076,0.0,2.8974278303875938,True
2015-07-27,4.922333067812675,0.5735091156148151,2.099330183329868,0.0,2.823002884482807,True
2015-07-28,5.0187016865678356,0.5773261714563218,2.121273856180242,0.0,2.8974278303875938,True
2015-07-29,5.0624292158923865,0.5787440740610511,2.132578306841134,0.0,2.929850909051252,True
2015-07-30,5.108522258464625,0.581503673961024,2.137897796655778,0.0,2.970624461808847,True
2015-07-31,5.09657129936937,0.5810840151791686,2.1350351850849036,0.0,2.9615361142844665,True
2015-08-03,5.062368511314528,0.5796242717178791,2.1280968497763206,0.0,2.934271661538207,True
2015-08-04,5.039372842386273,0.5785159729331292,2.1240151595003893,0.0,2.915357682885883,True
2015-08-05,5.11935798095763,0.582815936447252,2.135714565277095,0.0,2.9836434156805347,True
2015-08-06,4.950289241040138,0.5737931982599027,2.109846945112131,0.0,2.840442295928007,True
2015-08-07,4.9356276315327765,0.5732082328155261,2.1064852390263926,0.0,2.8291423925063834,True
2015-08-10,5.056477871315761,0.5784050395483706,2.1317855881819074,0.0,2.9246922831338535,True
2015-08-11,4.921682957115992,0.5715884744846161,2.1085057037611277,0.0,2.8131772533548647,True
2015-08-12,4.9513914112464334,0.5731692046578966,2.1134063341123754,0.0,2.8379850771340585,True
2015-08-13,4.93558289166357,0.5724172266808277,2.1103702207641684,0.0,2.825212670899401,True
2015-08-14,4.9562809697916554,0.5730995303213025,2.1158386738636485,0.0,2.840442295928007,True
2015-08-17,5.040756889917452,0.5773339213263401,2.130556948208643,0.0,2.910199941708809,True
2015-08-18,4.985798516621051,0.5743867752792119,2.122021784467207,0.0,2.8637767321538434,True
2015-08-19,4.916631187560734,0.5715262195803998,2.1066475518630563,0.0,2.809983635697678,True
2015-08-20,4.63408406212805,0.556442693471836,2.0554818448226113,0.0,2.578602217305439,True
2015-08-21,4.237438076717467,0.532824856049741,1.9796257434707916,0.0,2.2578123332466755,True
2015-08-24,3.8901869584119217,0.5116267293323827,1.89986332838814,0.0,1.9903236300237817,True
2015-08-25,3.8491557279963478,0.5102523606364121,1.8851149313290438,0.0,1.964040796667304,True
2015-08-26,4.216268323712632,0.5330533527745623,1.9687723575604297,0.0,2.2474959661522025,True
2015-08-27,4.441177586190317,0.5456029460015536,2.018058011448811,0.0,2.4231195747415057,True
2015-08-28,4.439073348722477,0.5454191468530533,2.017917750044137,0.0,2.4211555986783395,True
2015-08-31,4.3285078219524795,0.5385818631065409,1.9972520147340782,0.0,2.3312558072184015,True
2015-09-01,4.05600542693362,0.5226250371343399,1.9362354400653528,0.0,2.1197699868682673,True
2015-09-02,4.274117149299423,0.5362980552509435,1.9819164342154356,0.0,2.2922007150839874,True
2015-09-03,4.232135453762904,0.5326798662840058,1.97776210615668,0.0,2.254373347606224,True
2015-09-04,4.129994611422312,0.5275952652895797,1.9510290087644224,0.0,2.178965602657889,True
2015-09-08,4.366969466117245,0.541319128688668,2.003045359708641,0.0,2.363924106408605,True
2015-09-09,4.2600400958872395,0.5355907213201961,1.9784021480780347,0.0,2.2816379478092044,True
2015-09-10,4.349137330283435,0.5413922761897391,1.9945479715795216,0.0,2.354589358703914,True
2015-09-11,4.397251490179753,0.5441268015763583,2.004589101101369,0.0,2.392662389078384,True
2015-09-14,4.3691247733378225,0.542738567049673,1.997832254595225,0.0,2.3712925187425973,True
2015-09-15,4.476155537247281,0.5482537632962315,2.022086418852194,0.0,2.4540691183950867,True
2015-09-16,4.531634568781746,0.5505936502422957,2.036545349992033,0.0,2.4950892187897127,True
2015-09-17,4.536601965061708,0.551506553753692,2.034636249558298,0.0,2.5019657155034096,True
2015-09-18,4.399644278346851,0.5446125574215471,2.0035427561712953,0.0,2.3961015221755555,True
2015-09-21,4.428345577353895,0.5456863108490042,2.0118580160831443,0.0,2.4164875612707504,True
2015-09-22,4.293647774060035,0.5379775096685231,1.9837618371774195,0.0,2.309885936882615,True
2015-09-23,4.296508248389491,0.5384768646431795,1.982937957883159,0.0,2.3135702905063322,True
2015-09-24,4.2625331801436275,0.53648761949018,1.975736901330466,0.0,2.2867962788131613,True
2015-09-25,4.1983903090777215,0.5314619199297957,1.9671057348006273,0.0,2.2312845742770944,True
2015-09-28,3.95337872228495,0.5157507277540472,1.914420769179122,0.0,2.038957953105828,True
2015-09-29,3.9187484422457564,0.5125987480961948,1.9100028966466682,0.0,2.008745545599088,True
2015-09-30,4.091437932297832,0.5234418898152318,1.9498079289541304,0.0,2.1416300033437015,True
2015-10-01,4.128355337763697,0.5260198596632418,1.9567584423532418,0.0,2.171596895410455,True
2015-10-02,4.272846331220349,0.5346179595645036,1.9885059440906507,0.0,2.2843403871296983,True
2015-10-05,4.408927969800763,0.5417385549619278,2.0204417025096717,0.0,2.3884862672910914,True
2015-10-06,4.366536742168796,0.5391787885314528,2.012192751448147,0.0,2.3543439907206483,True
2015-10-07,4.418640460685754,0.5413815617591192,2.0264699872276664,0.0,2.3921704734580875,True
2015-10-08,4.461045087618599,0.5427877272551929,2.039644563327157,0.0,2.421400524291442,True
2015-10-09,4.495743955817602,0.5451546006231978,2.0448684550797025,0.0,2.4508755007379,True
2015-10-12,4.519838545263015,0.5468136504944097,2.048329130682404,0.0,2.4715094145806114,True
2015-10-13,4.458377003923426,0.5434981323044532,2.03525742918192,0.0,2.4231195747415057,True
2015-10-14,4.441551795653746,0.5432343167684744,2.0287484405499927,0.0,2.4128033551037538,True
2015-10-15,4.591690704007954,0.5511488454919784,2.0609856736377212,0.0,2.530705030370233,True
2015-10-16,4.632122423250784,0.553125528304913,2.06997726071716,0.0,2.5621451625336236,True
2015-10-19,4.684499390037637,0.5567462857757155,2.076421753915577,0.0,2.6080776361220592,True
2015-10-20,4.6345956849402565,0.5534134849443509,2.0697479356294184,0.0,2.5648477493108386,True
2015-10-21,4.580596164860205,0.5509287852730769,2.0570138839272576,0.0,2.5235822809329473,True
2015-10-22,4.76850794038573,0.5605882363550907,2.095338484039648,0.0,2.6731694563460824,True
2015-10-23,5.0316019029254155,0.5754554082528853,2.1361393757114757,0.0,2.89546252721394,True
2015-10-26,5.038236933573976,0.576403984597504,2.1341770897156263,0.0,2.9040598438583496,True
2015-10-27,5.0572640849297485,0.5779753189517839,2.134290262419076,0.0,2.9229738225106727,True
2015-10-28,5.146066332370525,0.5811753787636185,2.15529928251238,0.0,2.9907670498581447,True
2015-10-29,5.132692191635945,0.5805360419214041,2.152979382302717,0.0,2.979712809333228,True
2015-10-30,5.082455704863323,0.5782516449721508,2.1435173330280137,0.0,2.9389383718353086,True
2015-11-02,5.207456898122173,0.5836159630732252,2.168301925362291,0.0,3.0391549727598814,True
2015-11-03,5.243369021265435,0.5851466191234249,2.175229365655465,0.0,3.0681396556099707,True
2015-11-04,5.241391113359342,0.5856014995147083,2.1720246178330442,0.0,3.069366495526297,True
2015-11-05,5.210361710419443,0.5839035290646172,2.168013120002376,0.0,3.0423485904170677,True
2015-11-06,5.220621419681883,0.5846850497734103,2.16820212506705,0.0,3.052419294614834,True
2015-11-09,5.1007316367452535,0.5791654829806947,2.14656393479478,0.0,2.954167701950474,True
2015-11-10,5.079588306575344,0.5774659535041026,2.146299001710523,0.0,2.9332893048648208,True
2015-11-11,5.061025219307906,0.5770118511771111,2.140753688661006,0.0,2.9202715306468994,True
2015-11-12,4.950933404017145,0.5727261521419678,2.1154043660232715,0.0,2.8355290379938736,True
2015-11-13,4.751507784181601,0.5616634203813917,2.0827596701493554,0.0,2.6687481140322453,True
2015-11-16,4.893593509727165,0.5680933786624232,2.1135754389857544,0.0,2.7800180707414106,True
2015-11-17,4.903065807632274,0.5689495641461599,2.1134686533999525,0.0,2.7895971542323217,True
2015-11-18,5.100019357456603,0.5783313326724895,2.150518365803232,0.0,2.9495009916533705,True
2015-11-19,5.104271279986792,0.5787160108834613,2.1503477663658166,0.0,2.9539235136209747,True
2015-11-20,5.174173758702864,0.5822430332758414,2.1615471347394473,0.0,3.012626623963417,True
2015-11-23,5.14550214561457,0.580761555723203,2.157192314550373,0.0,2.9883098310641962,True
2015-11-24,5.136668320041069,0.57994336402075,2.1576916146576375,0.0,2.9789767053834324,True
2015-11-25,5.144091811329435,0.5803956331738076,2.1584833873886886,0.0,2.9856084239407465,True
2015-11-27,5.157648522746391,0.5809653796441232,2.1612332906580827,0.0,2.9964152320883084,True
2015-11-30,5.1315084647894915,0.5802393279378093,2.1540054418728576,0.0,2.977503022916634,True
2015-12-01,5.240972305631756,0.5849923469820814,2.175043616092145,0.0,3.0659286895396107,True
2015-12-02,5.167410844749515,0.58252970014342,2.1572405548397238,0.0,3.0101702899097917,True
2015-12-03,4.980507890768168,0.5735668018941661,2.1238539080516112,0.0,2.8566539827165567,True
2015-12-04,5.222297116721771,0.5845913527004276,2.1693873810538484,0.0,3.052909735667923,True
2015-12-07,5.173492013364283,0.5828896354430307,2.1579171397269454,0.0,3.0155748736373384,True
2015-12-08,5.166581766570724,0.5837167924153015,2.1507612300366787,0.0,3.015820536534045,True
2015-12-09,5.001393026096881,0.5749041114602761,2.126071612365032,0.0,2.875321413731849,True
2015-12-10,5.049712976019056,0.5774774279748849,2.1336177146161703,0.0,2.916095261402886,True
2015-12-11,4.804542635130817,0.5653305155709093,2.0883880701298967,0.0,2.71615456500092,True
2015-12-14,4.878651017279208,0.5692291580312966,2.101580606384836,0.0,2.777070410894372,True
2015-12-15,4.943243955720886,0.5713314838092052,2.119013051667987,0.0,2.824230904052899,True
2015-12-16,5.099280475508614,0.5783188961365573,2.1502702198217736,0.0,2.9490102556868405,True
2015-12-17,4.944424033222422,0.5715924248196641,2.1182287107361937,0.0,2.8261953224862277,True
2015-12-18,4.750003514179841,0.5623067587485324,2.079044434077236,0.0,2.6709590801026053,True
2015-12-21,4.849463320317708,0.5671341182775615,2.099167216029949,0.0,2.7502961042877594,True
2015-12-22,4.917959517254403,0.569823573317668,2.115590251700865,0.0,2.802369265553537,True
2015-12-23,5.00302215296693,0.5729493787051958,2.1365437187761964,0.0,2.866478434190734,True
2015-12-24,4.995173856764998,0.5726693797899647,2.1345907422683403,0.0,2.860583114496657,True
2015-12-28,4.991429789470002,0.5729513468772324,2.131583368750024,0.0,2.859846420719978,True
2015-12-29,5.149996102199291,0.5806362733233873,2.159721557788324,0.0,2.9902745444109664,True
2015-12-30,5.056220346729977,0.5762968780234407,2.1423363463108926,0.0,2.9138840004190842,True
2015-12-31,4.924095777286762,0.5698119955268025,2.118286936265891,0.0,2.805808841020872,True
2016-01-04,4.715495404615445,0.5586603518780551,2.0811350825936286,0.0,2.6343603220218164,True
2016-01-05,4.691869714285133,0.5564475980915375,2.0810900812127424,0.0,2.6107796330723905,True
2016-01-06,4.598745001076654,0.552493285444867,2.057969266508655,0.0,2.5407757345679993,True
2016-01-07,4.300139376030884,0.5346520293760395,2.0010611320361558,0.0,2.2990782439947286,True
2016-01-08,4.226666953885928,0.5311025333490926,1.9818734270542198,0.0,2.244793526831709,True
2016-01-11,4.250347293879928,0.5327667947529464,1.9859033895326594,0.0,2.264443904347269,True
2016-01-12,4.346266158648586,0.5385853282281742,2.005430973025832,0.0,2.3408351856227543,True
2016-01-13,4.041782820145199,0.5185690525276958,1.9458393325797847,0.0,2.0959434875654144,True
2016-01-14,4.214060724431404,0.5295438854925796,1.982530634714323,0.0,2.2315300897170802,True
2016-01-15,3.9569168602642955,0.51212374024351,1.9304857979531382,0.0,2.026431062311157,True
2016-01-19,3.9689049135876644,0.5127429677327732,1.9338768295455395,0.0,2.035028084042125,True
2016-01-20,3.935125768844263,0.5124629895922771,1.9185194529207237,0.0,2.0166063159235392,True
2016-01-21,3.948820128707352,0.5125518027524849,1.924845252993099,0.0,2.0239748757142526,True
2016-01-22,4.170825800613498,0.5270827109338057,1.972455630793475,0.0,2.1983701698200226,True
2016-01-25,4.0422935521979655,0.5193542109654312,1.9429113739055408,0.0,2.0993821782924247,True
2016-01-26,4.124222283767215,0.5235690341387738,1.964907206081606,0.0,2.1593150776856085,True
2016-01-27,3.9284114199074534,0.5087742054976119,1.9297370208762938,0.0,1.9986743990311597,True
2016-01-28,4.025905978897317,0.5160381273315905,1.9483849967340914,0.0,2.0775209821632252,True
2016-01-29,4.205339438636301,0.5262031022683322,1.9924767799345133,0.0,2.212862658701788,True
2016-02-01,4.220185034218584,0.5273203737400852,1.9947954847221263,0.0,2.2253895494964584,True
2016-02-02,4.039384641058439,0.5159580433241115,1.9552316454244585,0.0,2.084152995633981,True
2016-02-03,4.0110805729932,0.5122504240149965,1.956402848719118,0.0,2.054677724274082,True
2016-02-04,4.008833879803624,0.5116183751264327,1.9578408040667006,0.0,2.050993075736923,True
2016-02-05,3.7451958800532754,0.49129584404565546,1.90519670904619,0.0,1.8399991710070853,True
2016-02-08,3.6338050277046188,0.48323839502295984,1.877810918290277,0.0,1.755994109414342,True
2016-02-09,3.6105534395068375,0.4807038774529725,1.8749464013847341,0.0,1.7356070381221032,True
2016-02-10,3.6339788807063007,0.48328291864657896,1.8777389609385313,0.0,1.7562399197677692,True
2016-02-11,3.6162315320208904,0.4845001397744241,1.8641668493000896,0.0,1.752064682720801,True
2016-02-12,3.7243100739369863,0.4904896216248623,1.897574634957971,0.0,1.8267354389790154,True
2016-02-16,3.8833016613499516,0.5017176987168378,1.934980488394181,0.0,1.9483211729557706,True
2016-02-17,4.05562111240582,0.5135898554311965,1.9726952516016063,0.0,2.0829258608042136,True
2016-02-18,3.969581490039545,0.5069010369628806,1.957396516429843,0.0,2.012184973609702,True
2016-02-19,3.992898235951888,0.5091696590476913,1.9598356025401373,0.0,2.0330626334117508,True
2016-02-22,4.119036501853455,0.5168935160073751,1.9899332418477038,0.0,2.1291032600057513,True
2016-02-23,3.983981547951019,0.5077813024579735,1.9609902085639175,0.0,2.0229913393871017,True
2016-02-24,4.058010158662983,0.5133478490609967,1.9748393722456667,0.0,2.083170786417316,True
2016-02-25,4.137171807585451,0.5174181527105514,1.9965240134584141,0.0,2.140647794127037,True
2016-02-26,4.12870813612409,0.5172888856976241,1.9929733050177447,0.0,2.1357348311063453,True
2016-02-29,4.055439373826574,0.5127043380658097,1.9761980141027984,0.0,2.0792413597237753,True
2016-03-01,4.309341106744542,0.5286655054528385,2.0311411123787435,0.0,2.278199994365798,True
2016-03-02,4.316743957491951,0.5283278793972701,2.0360877765292495,0.0,2.280656180962702,True
2016-03-03,4.3060374495757365,0.5266752458414713,2.0381541172178537,0.0,2.2678833323578833,True
2016-03-04,4.31366876560599,0.5266545311812876,2.041855564184404,0.0,2.271813201421586,True
2016-03-07,4.265956346011723,0.522641464291633,2.0363906747279716,0.0,2.2295656712837517,True
2016-03-08,4.187453940688705,0.5183615179657914,2.0168389595814724,0.0,2.1706149811072324,True
2016-03-09,4.24043282910167,0.5216744290622007,2.0283074540034436,0.0,2.2121253750982266,True
2016-03-10,4.231347799422739,0.5208209560063812,2.0275731933318903,0.0,2.2037746060908483,True
2016-03-11,4.379650428027372,0.5292640750472432,2.0616587952072023,0.0,2.3179916328201693,True
2016-03-14,4.393580674105383,0.530660731137307,2.0620799412738786,0.0,2.331500732831505,True
2016-03-15,4.390039842041731,0.5307530533210493,2.0600127916770257,0.0,2.3300270503647056,True
2016-03-16,4.4646198966530335,0.535201106480778,2.075150387948234,0.0,2.3894695087048,True
2016-03-17,4.463745814064513,0.5337649906057176,2.0811545715540576,0.0,2.382591242510456,True
2016-03-18,4.483220319547892,0.5345145073248591,2.0868740192159536,0.0,2.3963463003319387,True
2016-03-21,4.5172759654490235,0.5367924554389234,2.0924363080604085,0.0,2.4248396573886146,True
2016-03-22,4.541531438799067,0.5386849097722923,2.095076985461563,0.0,2.4464544533375046,True
2016-03-23,4.4677814257984885,0.5345473237799574,2.079540821404104,0.0,2.3882406043943845,True
2016-03-24,4.4668748538307135,0.5344909217743016,2.0793707957562875,0.0,2.3875040580744264,True
2016-03-28,4.457437964901627,0.5336937737818276,2.078531076014888,0.0,2.3789068888867386,True
2016-03-29,4.597467104565389,0.5421753158764937,2.1048339249158605,0.0,2.4926331796495287,True
2016-03-30,4.644544361161836,0.5447182425117886,2.1145763194817233,0.0,2.5299680416801134,True
2016-03-31,4.625693462063733,0.5437519926441912,2.110463424705371,0.0,2.515230037358362,True
2016-04-01,4.727850920209419,0.5497190218925088,2.1288613366982996,0.0,2.5989895835111194,True
2016-04-04,4.688175522112641,0.5475076307881148,2.121363649281916,0.0,2.5668118728307254,True
2016-04-05,4.59833372454951,0.5431946615063098,2.1005433935497897,0.0,2.4977903309997203,True
2016-04-06,4.746691243681992,0.5514181378506576,2.1292795971388463,0.0,2.6174116465431463,True
2016-04-07,4.6056673626675675,0.5437697606397208,2.1012447232836498,0.0,2.5044226393839173,True
2016-04-08,4.6018358119195995,0.5429416870701815,2.103307312575993,0.0,2.498528499343606,True
2016-04-11,4.568733498777374,0.5410150545159988,2.0969798958672627,0.0,2.4717536029101113,True
2016-04-12,4.645007536318277,0.544558341584939,2.115529935691252,0.0,2.529477600627024,True
2016-04-13,4.767956982591358,0.5512255341104296,2.1397373482468844,0.0,2.628219634344474,True
2016-04-14,4.769823140804826,0.5513702106441916,2.1398847509237293,0.0,2.6299383898810964,True
2016-04-15,4.745798853674139,0.5499175052911092,2.136000987448251,0.0,2.6097978662258883,True
2016-04-18,4.797561698724483,0.5520222998787322,2.149200655984476,0.0,2.648361042740006,True
2016-04-19,4.748693725658033,0.5480818942547945,2.14602067326352,0.0,2.602673052394512,True
2016-04-20,4.756977526336505,0.548470297177352,2.1479166488007375,0.0,2.6090608775357675,True
2016-04-21,4.752035264803067,0.5491958120672834,2.1422373985771785,0.0,2.6097978662258883,True
2016-04-22,4.617720804788877,0.5395842351111686,2.1260714563799405,0.0,2.491649348408936,True
2016-04-25,4.61392590550868,0.539602406018266,2.12424038570619,0.0,2.48968551980249,True
2016-04-26,4.576194942734502,0.5365902893982774,2.120653174069662,0.0,2.45554176866484,True
2016-04-27,4.510921489127625,0.5312865606295725,2.11432952589898,0.0,2.396591963228645,True
2016-04-28,4.403565104014155,0.5249394371904462,2.091960116681476,0.0,2.311604987332679,True
2016-04-29,4.355562802512799,0.5222656891580112,2.0808017937874537,0.0,2.2747610087253456,True
2016-05-02,4.433852023565585,0.526616552270723,2.098912157636908,0.0,2.334939865928677,True
2016-05-03,4.352838843359903,0.5221409842824846,2.0800432852649315,0.0,2.2727955580949715,True
2016-05-04,4.295398613939401,0.5186586365714352,2.0675530253027583,0.0,2.2278455886366424,True
2016-05-05,4.293674039255499,0.5185810546118673,2.067056027818786,0.0,2.2266180114367127,True
2016-05-06,4.335143537778375,0.5210426189534896,2.0763489953150347,0.0,2.258794542463341,True
2016-05-09,4.358846828795168,0.5227736887576618,2.080156393376282,0.0,2.2786904354188864,True
2016-05-10,4.481573172561082,0.5297783244024443,2.1073328465147254,0.0,2.3742403260463565,True
2016-05-11,4.397347623635356,0.5251789291715235,2.0879533074595957,0.0,2.30939431617576,True
2016-05-12,4.360614774835991,0.5221674483137579,2.08364368478061,0.0,2.2769710900553815,True
2016-05-13,4.320188289834381,0.5206859327448645,2.0707270205085253,0.0,2.249461269325856,True
2016-05-16,4.430062778165371,0.527344027657921,2.093895629950205,0.0,2.3361671482151656,True
2016-05-17,4.317504423906193,0.5203269148947486,2.070990666970655,0.0,2.2465137569355385,True
2016-05-18,4.34708277939801,0.5226627918649318,2.0750243574498786,0.0,2.272058421948131,True
2016-05-19,4.302236598109458,0.5197755833048429,2.066039060811672,0.0,2.236197537297786,True
2016-05-20,4.394811646511265,0.5258173010615816,2.083943647868706,0.0,2.310867998642559,True
2016-05-23,4.380723518049711,0.524929172159193,2.0811539482615693,0.0,2.2995695697881424,True
2016-05-24,4.555801655831582,0.5356499211798477,2.1154868579743757,0.0,2.4403147978572064,True
2016-05-25,4.623146758284436,0.5392167679410664,2.130268505565083,0.0,2.4928782527193527,True
2016-05-26,4.647449717800226,0.5408892871797469,2.133693952735545,0.0,2.5137557650646807,True
2016-05-27,4.695415690659747,0.5434203232041613,2.143831378463537,0.0,2.55158431219621,True
2016-05-31,4.7106478007602774,0.5448957301406515,2.143835927929552,0.0,2.5668118728307254,True
2016-06-01,4.713924393473015,0.5447255619542501,2.146129279228579,0.0,2.5677951142444355,True
2016-06-02,4.733918185121537,0.5454860382107382,2.1516319091058222,0.0,2.582286276015715,True
2016-06-03,4.690275746195431,0.543020552554476,2.143359618863531,0.0,2.5469161273319005,True
2016-06-06,4.726888872263438,0.544582544559042,2.1527077023583945,0.0,2.5741811699050436,True
2016-06-07,4.707664801331135,0.5429454246530956,2.151659736647971,0.0,2.556005064683164,True
2016-06-08,4.724325540985138,0.5434222242445712,2.1570220474475565,0.0,2.567303493537581,True
2016-06-09,4.709795296689259,0.5426998210474037,2.1537902320060947,0.0,2.556005064683164,True
2016-06-10,4.60140247702297,0.5368004661979232,2.131367482192761,0.0,2.470034994830209,True
2016-06-13,4.520910490139944,0.5323402929856801,2.114247675256812,0.0,2.4066628148831324,True
2016-06-14,4.520059464657851,0.5327123985913791,2.112167745464302,0.0,2.4078917191935485,True
2016-06-15,4.493940838283471,0.5309984447960927,2.1076652421492987,0.0,2.3862755961341726,True
2016-06-16,4.517411031280781,0.5320459142025064,2.113940949314511,0.0,2.4034700819662698,True
2016-06-17,4.418800240411718,0.5252974199894488,2.0976158746746862,0.0,2.3211843657370315,True
2016-06-20,4.4739103616407245,0.5281601812197444,2.110969054275668,0.0,2.362941307365057,True
2016-06-21,4.503835927774022,0.5298865310784087,2.1173139314595386,0.0,2.3865219963144826,True
2016-06-22,4.48407417012081,0.5287708238478164,2.113026576991316,0.0,2.3710475931294943,True
2016-06-23,4.612876006924683,0.5356783469064318,2.141858213050927,0.0,2.4710177938737563,True
2016-06-24,4.227697686395475,0.5129042970428402,2.059293376445161,0.0,2.168404309950313,True
2016-06-27,4.062566073914527,0.502675106404282,2.020415240435116,0.0,2.042150833479411,True
2016-06-28,4.230895878117376,0.5129229294157764,2.060772370260278,0.0,2.1701235078570984,True
2016-06-29,4.37943236396535,0.5212699318142777,2.0965659542158908,0.0,2.282866409749459,True
2016-06-30,4.488887738530328,0.5270545751117341,2.1229989187749525,0.0,2.365888819755375,True
2016-07-01,4.528870635222422,0.5295607313716013,2.1305585893466676,0.0,2.398312045875754,True
2016-07-05,4.472208659333466,0.5267683151875289,2.1163908386892984,0.0,2.3558178206441673,True
2016-07-06,4.54273587029874,0.530809945057391,2.131406492575226,0.0,2.4113293777235136,True
2016-07-07,4.568067753105731,0.5328671780845016,2.1338943802094703,0.0,2.4341733728962605,True
2016-07-08,4.712954885131165,0.5403554291137161,2.1662841257825294,0.0,2.5466707593486353,True
2016-07-11,4.766437995258766,0.5434136542396606,2.1762905065484386,0.0,2.5901474887103277,True
2016-07-12,4.820608676305104,0.5457653821421388,2.189687339923739,0.0,2.630921336381365,True
2016-07-13,4.799381997241213,0.5443406432378533,2.186883313718758,0.0,2.6124986835224546,True
2016-07-14,4.8660138240217705,0.5477900398451991,2.2004599174735944,0.0,2.6655539065481757,True
2016-07-15,4.847786946729805,0.5467590568870796,2.1972155277463212,0.0,2.6505714189834833,True
2016-07-18,4.910821374429764,0.5504948475481324,2.2074395105769415,0.0,2.703381863852823,True
2016-07-19,4.8776771021962,0.5484948390956997,2.2022963848663166,0.0,2.6753807173298836,True
2016-07-20,4.986744447414189,0.5548709064523961,2.2197450356310244,0.0,2.766999411783164,True
2016-07-21,4.963551525646251,0.5541480415383077,2.213009168634902,0.0,2.750542357011349,True
2016-07-22,5.0050408027414335,0.5559342919730238,2.2225669877732805,0.0,2.7824738149681534,True
2016-07-25,5.004575797263726,0.5564766469752677,2.219646238068831,0.0,2.7849295591948953,True
2016-07-26,5.015691934803735,0.557104305036494,2.221428365187753,0.0,2.7942635696159828,True
2016-07-27,5.076754597078196,0.5611446447306756,2.227960942315928,0.0,2.8487936547622685,True
2016-07-28,5.1128783906013835,0.5632331802257021,2.2331356345556967,0.0,2.8797427560456867,True
2016-07-29,5.136022821522818,0.5643776401533054,2.2373663817382488,0.0,2.898656439784569,True
2016-08-01,5.186457674997724,0.5676507719385867,2.242360972158458,0.0,2.944096702839266,True
2016-08-02,5.104437410707265,0.5637794974078937,2.2266602527486734,0.0,2.877777157958592,True
2016-08-03,5.138636026965958,0.5653332694461214,2.2335941213476653,0.0,2.905041905618293,True
2016-08-04,5.169057017030694,0.5670433144532251,2.237977793495908,0.0,2.9310792235347853,True
2016-08-05,5.273688197886656,0.5718617452094694,2.257867661352611,0.0,3.015820536534045,True
2016-08-08,5.262179638832361,0.5712920053023418,2.2559384807026683,0.0,3.006241158129692,True
2016-08-09,5.285358634671179,0.5725509114514014,2.259221731042661,0.0,3.026136903628518,True
2016-08-10,5.256329626886497,0.571273510362869,2.253527749310698,0.0,3.002801877575799,True
2016-08-11,5.305199597371693,0.5733266271566313,2.2635874058178627,0.0,3.0416121915538312,True
2016-08-12,5.310637010007563,0.5738031187460529,2.26337693113701,0.0,3.047260078870553,True
2016-08-15,5.3570471391917875,0.5759849954591305,2.271468367050058,0.0,3.0855787721417296,True
2016-08-16,5.296282578689542,0.5734104377277223,2.259338866913463,0.0,3.03694371177608,True
2016-08-17,5.314681422880995,0.5741060916643437,2.2634904427496942,0.0,3.051190980131301,True
2016-08-18,5.32045813220596,0.5740367773013632,2.266319492227621,0.0,3.0541386399783392,True
2016-08-19,5.314335400163114,0.5739122846180752,2.2643730294287883,0.0,3.0499623707343257,True
2016-08-22,5.318099619206269,0.5740602760885425,2.265189883538346,0.0,3.052909735667923,True
2016-08-23,5.340584843333767,0.575047059537655,2.269497232963317,0.0,3.0710876103704505,True
2016-08-24,5.268247956229512,0.5717062389857199,2.2563577311293326,0.0,3.01189022510018,True
2016-08-25,5.251389214828445,0.5708287309995574,2.2537453733431616,0.0,2.9976438414852837,True
2016-08-26,5.265402090209865,0.572062005183675,2.253265612386096,0.0,3.0121364778237694,True
2016-08-29,5.280844396094736,0.5719705070395265,2.2603571492635885,0.0,3.0204872468311477,True
2016-08-30,5.248042855309687,0.5703500708655117,2.254821240878565,0.0,2.993221614431122,True
2016-08-31,5.2358170694254005,0.5701808192581151,2.250454603294802,0.0,2.9853624661305984,True
2016-09-01,5.252031319839144,0.5709459855716376,2.2534051216804754,0.0,2.9986261981586684,True
2016-09-02,5.295902826233039,0.5728486866925986,2.262151847373821,0.0,3.0337509788592176,True
2016-09-06,5.362620398892955,0.5762108054823378,2.2726205793508294,0.0,3.0899998195421254,True
2016-09-07,5.36884116384567,0.5765954666690306,2.2731916875061744,0.0,3.0956494763394957,True
2016-09-08,5.306539547317458,0.5733667565167833,2.2639461787440074,0.0,3.04259336857345,True
2016-09-09,5.020316021264918,0.5601139304698258,2.208367082393587,0.0,2.811948938871331,True
2016-09-12,5.200149964148565,0.5684708355204187,2.2440163691975554,0.0,2.9561335949510097,True
2016-09-13,5.104230136774597,0.5654866272546323,2.2178562519984797,0.0,2.8863738847761176,True
2016-09-14,5.1461947694469865,0.5680827085908993,2.222730505883224,0.0,2.9234642635637624,True
2016-09-15,5.310155940906497,0.5760754961438094,2.25110522264779,0.0,3.059050718258707,True
2016-09-16,5.301829419981083,0.5763316924021369,2.2462170975359457,0.0,3.0556123224451377,True
2016-09-19,5.257119083800513,0.5736173797032001,2.2415442101631737,0.0,3.0155748736373384,True
2016-09-20,5.275985497247113,0.5747319241068025,2.243708200854695,0.0,3.0322772963924187,True
2016-09-21,5.387810095419679,0.579170148802884,2.267351320733783,0.0,3.120458774685896,True
2016-09-22,5.476924670781678,0.5830662698649304,2.2835146326577926,0.0,3.1934100381238846,True
2016-09-23,5.405904854282619,0.5800939837986829,2.269971971325176,0.0,3.135932882957443,True
2016-09-26,5.309348793761531,0.5759781049028054,2.2512801372627687,0.0,3.058068656498763,True
2016-09-27,5.414171384186339,0.5808415257725953,2.2693958166012216,0.0,3.1447755675851177,True
2016-09-28,5.438911806416277,0.5813605439559726,2.276943080109548,0.0,3.1619687263067284,True
2016-09-29,5.3533068788485965,0.5781309128688689,2.2583946861126623,0.0,3.094912192735934,True
2016-09-30,5.43387846507975,0.5812662274060194,2.275348429500032,0.0,3.1585300355797177,True
2016-10-03,5.422391554228927,0.5811840134791902,2.270984268086495,0.0,3.151407286142432,True
2016-10-04,5.396947346548807,0.5806014887596155,2.263471682385313,0.0,3.133475664163494,True
2016-10-05,5.438640087875195,0.5821574776770553,2.2724950923244536,0.0,3.1661449955507415,True
2016-10-06,5.433943801386269,0.5817564283256182,2.27271206376966,0.0,3.161231737616608,True
2016-10-07,5.406925514543174,0.5808475241417211,2.266326216202069,0.0,3.140599298341104,True
2016-10-10,5.476249628963315,0.5837658554294776,2.2794020797661863,0.0,3.196847549197129,True
2016-10-11,5.313456585653926,0.5767808639703911,2.2487565055112895,0.0,3.064700080142636,True
2016-10-12,5.307589349856117,0.5762152689082731,2.2492753253740876,0.0,3.058314024482029,True
2016-10-13,5.264020685583282,0.5741718043337163,2.2415684304919226,0.0,3.0224522550913595,True
2016-10-14,5.2728186948120355,0.5745181290681209,2.2434887633532137,0.0,3.029329931458822,True
2016-10-17,5.244980116553057,0.5735867768049518,2.236528877093329,0.0,3.0084512394597285,True
2016-10-18,5.339066471889744,0.5779247717531413,2.253487699748015,0.0,3.0855787721417296,True
2016-10-19,5.343204452853655,0.5777070882954303,2.2563973662283927,0.0,3.086807086625263,True
2016-10-20,5.326739333630703,0.5770487788393286,2.2529509059636865,0.0,3.0737884276670164,True
2016-10-21,5.364882478507129,0.5791728831487049,2.257688025676186,0.0,3.107194452830943,True
2016-10-24,5.49648460968155,0.5859068426318572,2.2760566664484365,0.0,3.2204279432331133,True
2016-10-25,5.456878222762503,0.5842628847583954,2.268626810556017,0.0,3.188251412206486,True
2016-10-26,5.385731372593467,0.5806250946843677,2.2586405844368147,0.0,3.127090788156652,True
2016-10-27,5.3338451794808,0.5780759850197802,2.25047737340943,0.0,3.0833678060713696,True
2016-10-28,5.270153243291775,0.574948653311497,2.2400857333159507,0.0,3.0300675099758245,True
2016-10-31,5.251959234131234,0.5736664628139272,2.239086357444227,0.0,3.0128728766870068,True
2016-11-01,5.1735281878445445,0.5703989350956027,2.2225532188109334,0.0,2.950974969033611,True
2016-11-02,5.0810568052966065,0.5656485687043324,2.206964295875173,0.0,2.8740925094214336,True
2016-11-03,4.982403407704936,0.5602348267208493,2.1910874979359916,0.0,2.791315909768944,True
2016-11-04,4.945668786514573,0.5579893294001032,2.1860383768922844,0.0,2.7596304096222886,True
2016-11-07,5.193475209416638,0.5694377291757527,2.236114479635861,0.0,2.957360729780777,True
2016-11-08,5.263782730857491,0.5728446546417971,2.248452930289976,0.0,3.015329800567515,True
2016-11-09,5.323132404266115,0.5743942680118259,2.265555663387649,0.0,3.057576740878466,True
2016-11-10,5.162254800135401,0.5641267135114992,2.250088965426056,0.0,2.9121658347093455,True
2016-11-11,5.157692098619201,0.5641496302700155,2.2479820081365975,0.0,2.9097100904826028,True
2016-11-14,5.048965710488558,0.5568383257659063,2.23750809741064,0.0,2.811457613077918,True
2016-11-15,5.203396579122983,0.5653309734891991,2.261755325597018,0.0,2.941641253525965,True
2016-11-16,5.255883632166607,0.5687984456438219,2.2663451917054362,0.0,2.9895384404611707,True
2016-11-17,5.339213994658838,0.5728941504489308,2.280409529123721,0.0,3.058804465535117,True
2016-11-18,5.2980143118725795,0.5708585321763147,2.273597638347891,0.0,3.0244166735246885,True
2016-11-21,5.409304275508164,0.5759151796631518,2.2940038318262252,0.0,3.115300443681939,True
2016-11-22,5.443029271113078,0.5774912155785789,2.2997276809082012,0.0,3.143301590204877,True
2016-11-23,5.401184756385925,0.5749615636140885,2.295711123485694,0.0,3.105473632900231,True
2016-11-25,5.4391004211172636,0.5764631509953048,2.3036594537801163,0.0,3.135440967337147,True
2016-11-28,5.4136352247374155,0.575953334781573,2.2956339637589105,0.0,3.1180012609785046,True
2016-11-29,5.449811150347768,0.5776288780760961,2.301842849845788,0.0,3.1479683005019803,True
2016-11-30,5.331180490618081,0.5713618670976713,2.285147251663854,0.0,3.0460332389542266,True
2016-12-01,5.139969194812912,0.560073645386392,2.2612079107002865,0.0,2.8787612841126258,True
2016-12-02,5.154330281989888,0.5607525601135337,2.2640263806933465,0.0,2.8903039012965417,True
2016-12-05,5.236749507691581,0.56468533626969,2.279633850980627,0.0,2.9571156567109536,True
2016-12-06,5.264466611462117,0.5657714274943254,2.285981821698981,0.0,2.978484789763136,True
2016-12-07,5.404423338099701,0.5715720752465883,2.3154058752309603,0.0,3.08901746286874,True
2016-12-08,5.428226137675077,0.5725500500129783,2.320294991067455,0.0,3.107931146607622,True
2016-12-09,5.517038370990468,0.5765115164045895,2.336402213668447,0.0,3.180636157322021,True
2016-12-12,5.466205965485749,0.5737843293528033,2.329782641475216,0.0,3.136423324010533,True
2016-12-13,5.611237894617137,0.580797385640582,2.35224559521614,0.0,3.258992299400997,True
2016-12-14,5.575262485263925,0.5802715040064551,2.340096537709061,0.0,3.2351659475548646,True
2016-12-15,5.601579121331932,0.5810532993744557,2.346763091174948,0.0,3.2548160301569835,True
2016-12-16,5.555387679165914,0.5787659130361563,2.3401186567636407,0.0,3.2152690224022735,True
2016-12-19,5.602031209248898,0.5809627134221133,2.3474599572482964,0.0,3.254571252000602,True
2016-12-20,5.6503555802632,0.5829494560703112,2.3564838681449194,0.0,3.2938717121182806,True
2016-12-21,5.634651436188644,0.5825250928221959,2.3523255853021343,0.0,3.2823258508865094,True
2016-12-22,5.600808978147354,0.5809580126429653,2.3469741250099894,0.0,3.253834853137364,True
2016-12-23,5.613378236620752,0.5814509979726988,2.3494738589393878,0.0,3.263904377681365,True
2016-12-27,5.670004061620036,0.5840482935539777,2.3584478649867306,0.0,3.3115561966333047,True
2016-12-28,5.5744479947626715,0.5803122717461684,2.3395274151910725,0.0,3.234920579571599,True
2016-12-29,5.556808692937457,0.579325417047633,2.3376081794475527,0.0,3.2192005134899047,True
2016-12-30,5.446451756589916,0.5737909807747552,2.3213268614338,0.0,3.1251248951561164,True
2017-01-03,5.54136860582685,0.5776152017762618,2.340589860455532,0.0,3.2007787453713186,True
2017-01-04,5.609223450926513,0.5803490767204393,2.3539158000626745,0.0,3.2553076508638386,True
2017-01-05,5.6726692793382325,0.584033621747319,2.3596396951515706,0.0,3.313029584186662,True
2017-01-06,5.771241715382743,0.5886141944430475,2.374206922146618,0.0,3.3970347932361253,True
2017-01-09,5.805606458827035,0.5910533549610806,2.3741832837535974,0.0,3.4314231750734376,True
2017-01-10,5.827876304941816,0.5921664740611838,2.3768033421797004,0.0,3.4510729627621153,True
2017-01-11,5.860961055935475,0.5933498608212798,2.38336062911722,0.0,3.477600426818255,True
2017-01-12,5.838442816101514,0.5926092729613522,2.3785274636251663,0.0,3.459915352476348,True
2017-01-13,5.885034042839573,0.5946791162121068,2.385327199365574,0.0,3.4997068434739993,True
2017-01-17,5.844335466436997,0.5931886257499152,2.3775421426797454,0.0,3.4667933237572517,True
2017-01-18,5.872963657442879,0.5943122103749584,2.382589644736201,0.0,3.4903740127066776,True
2017-01-19,5.858635300761176,0.5941725032505983,2.3775952984755855,0.0,3.48104000228559,True
2017-01-20,5.888210945215999,0.5950259038349829,2.38457290556781,0.0,3.5036380396481888,True
2017-01-23,5.893935265090979,0.5957814812898102,2.382437782228826,0.0,3.5114974828621537,True
2017-01-24,5.982786165379133,0.5991681141562454,2.3980914612688435,0.0,3.58469470411029,True
2017-01-25,6.109871540617506,0.6038314108421318,2.420539188182248,0.0,3.689332352435258,True
2017-01-26,6.124447379329144,0.5000523880015917,3.061902842105515,0.0,3.0625445372236286,True
2017-01-27,6.139589561644087,0.5012003950212037,3.062424848080011,0.0,3.077164713564075,True
2017-01-30,6.048313951761235,0.4972151365702802,3.041000704216341,0.0,3.007313247544894,True
2017-01-31,6.028483549326555,0.4960885559900441,3.0378218505314085,0.0,2.9906616987951464,True
2017-02-01,6.096428002993697,0.4998860246756108,3.0489088438561054,0.0,3.047519159137592,True
2017-02-02,6.088379721817955,0.4992794324591619,3.0485769497128166,0.0,3.039802772105139,True
2017-02-03,6.129662350224647,0.5002232532673339,3.0634627079649825,0.0,3.0661996422596647,True
2017-02-06,6.14012296867644,0.5012230455364239,3.062551834348287,0.0,3.0775711343281538,True
2017-02-07,6.177465511879085,0.5033211090529016,3.0682167193040533,0.0,3.1092487925750314,True
2017-02-08,6.199490238262149,0.5043498487241644,3.0727782744276997,0.0,3.126711963834449,True
2017-02-09,6.246680962071023,0.5057407707826326,3.0874797174800266,0.0,3.1592012445909963,True
2017-02-10,6.289150001866636,0.5072977667436397,3.0986782512039346,0.0,3.190471750662702,True
2017-02-13,6.3623859312238045,0.5102672770539264,3.1158685865320237,0.0,3.2465173446917808,True
2017-02-14,6.404298043467474,0.5116837902610282,3.12732254662475,0.0,3.276975496842724,True
2017-02-15,6.47815758952629,0.514564015178356,3.144730809301502,0.0,3.3334267802247886,True
2017-02-16,6.473489981082409,0.514495820837777,3.142906439580289,0.0,3.33058354150212,True
2017-02-17,6.524605982252407,0.516876294156253,3.1521918213160642,0.0,3.372414160936343,True
2017-02-21,6.595371335371945,0.5194586135014377,3.169348885972509,0.0,3.4260224493994365,True
2017-02-22,6.594977065505949,0.5195512203488237,3.1685486829498286,0.0,3.42642838255612,True
2017-02-23,6.553144067329937,0.5172282745830292,3.163672668290859,0.0,3.3894713990390772,True
2017-02-24,6.576468620215351,0.518172690148147,3.1687221836034896,0.0,3.4077464366118613,True
2017-02-27,6.591043654947251,0.5185673262596462,3.1731437695406495,0.0,3.417899885406602,True
2017-02-28,6.555090786403065,0.5173224490356726,3.163995167129859,0.0,3.3910956192732065,True
2017-03-01,6.704165534779536,0.5221750961526656,3.203417252032646,0.0,3.5007482827468905,True
2017-03-02,6.630803588915722,0.5196226194975239,3.1852880586697516,0.0,3.4455155302459697,True
2017-03-03,6.652597937884546,0.5206063722478751,3.189213059418778,0.0,3.463384878465768,True
2017-03-06,6.62035892685671,0.5195222997511629,3.1809348319979702,0.0,3.4394240948587393,True
2017-03-07,6.595874690084574,0.518864747673386,3.1735078333285687,0.0,3.422366856756005,True
2017-03-08,6.613189121475534,0.5201469313564601,3.1733590934601112,0.0,3.4398300280154226,True
2017-03-09,6.62697378841683,0.520658339134225,3.1765846222536807,0.0,3.4503891661631494,True
2017-03-10,6.6769852935864575,0.5224151844323346,3.1888267899855025,0.0,3.488158503600955,True
2017-03-13,6.700764950794657,0.5235915183308254,3.1923012562301043,0.0,3.508463694564553,True
2017-03-14,6.664785594861657,0.5225183843956341,3.182312593491248,0.0,3.4824730013704084,True
2017-03-15,6.749289463466539,0.5250020446855365,3.205898694972058,0.0,3.5433907684944805,True
2017-03-16,6.7430126255756395,0.5251894950712567,3.2016532294904603,0.0,3.541359396085179,True
2017-03-17,6.731113416715447,0.5248508584566183,3.1982827615834837,0.0,3.5328306551319635,True
2017-03-20,6.741376842304894,0.5256182603912981,3.1979860738104136,0.0,3.5433907684944805,True
2017-03-21,6.538603467129898,0.5177573673126681,3.153193350087238,0.0,3.3854101170426594,True
2017-03-22,6.619605736541459,0.5214833045039093,3.167591862536785,0.0,3.4520138740046744,True
2017-03-23,6.586298505347894,0.5199273557921197,3.1619017390047737,0.0,3.4243967663431207,True
2017-03-24,6.607106592360768,0.521117476183647,3.1640278800733883,0.0,3.4430787122873796,True
2017-03-27,6.626302215003102,0.5223658507193881,3.164948221339241,0.0,3.4613539936638618,True
2017-03-28,6.712472780372055,0.5253404588400121,3.186139249980308,0.0,3.526333530391747,True
2017-03-29,6.768048228567799,0.5279272448518226,3.195011174235742,0.0,3.573037054332057,True
2017-03-30,6.7936620059520365,0.5285671620415473,3.202755359596483,0.0,3.590906646355553,True
2017-03-31,6.780317409370912,0.5283496233162944,3.197939260164878,0.0,3.582378149206035,True
2017-04-03,6.7688531732075505,0.5281043833114447,3.1941921424450617,0.0,3.574661030762489,True
2017-04-04,6.788652416151699,0.5289572106847001,3.1977457697961453,0.0,3.590906646355553,True
2017-04-05,6.736364334223638,0.5269738566840475,3.1864764409889412,0.0,3.549887893234697,True
2017-04-06,6.744531777524471,0.526757267835332,3.191800645567105,0.0,3.552731131957366,True
2017-04-07,6.737997248566272,0.5266653391573209,3.1893276424090202,0.0,3.548669606157251,True
2017-04-10,6.743611752907419,0.5268291328345902,3.1908806209500526,0.0,3.552731131957366,True
2017-04-11,6.69015243332769,0.5243614461960255,3.182094428116123,0.0,3.508058005211567,True
2017-04-12,6.6304680477701705,0.5220989880791042,3.168707389538532,0.0,3.461760658231639,True
2017-04-13,6.5728662971783205,0.5204337442512537,3.152124879674933,0.0,3.420741417503387,True
2017-04-17,6.681108091378217,0.5241595073936655,3.179141765357578,0.0,3.501966326020639,True
2017-04-18,6.663793788727058,0.5239977754018428,3.1719806676974622,0.0,3.4918131210295957,True
2017-04-19,6.675597265230277,0.5248963261552569,3.1716007858188244,0.0,3.503996479411452,True
2017-04-20,6.7866493265058505,0.528814014292677,3.197774052559599,0.0,3.5888752739462517,True
2017-04-21,6.779567878097519,0.529126835517793,3.1923165805817,0.0,3.5872512975158193,True
2017-04-24,6.946752450098623,0.5351587809443823,3.2291368773814435,0.0,3.71761557271718,True
2017-04-25,7.050262790420197,0.5389952332080803,3.2502047535194114,0.0,3.800058036900785,True
2017-04-26,7.030305778975199,0.5381568163184414,3.2468988032167667,0.0,3.783406975758433,True
2017-04-27,7.107609586314924,0.5416172997695938,3.258005274358555,0.0,3.849604311956369,True
2017-04-28,7.128870210005289,0.5430783319268359,3.257335267832705,0.0,3.871534942172584,True
2017-05-01,7.244934251126057,0.5478315101938616,3.2759309790764357,0.0,3.969003272049621,True
2017-05-02,7.271852450169487,0.5490427851581218,3.2792943276695206,0.0,3.9925581224999664,True
2017-05-03,7.225217417197874,0.5471343065213217,3.272053096173541,0.0,3.9531643210243335,True
2017-05-04,7.2317972681719755,0.5471980831704153,3.2745716651512247,0.0,3.9572256030207504,True
2017-05-05,7.287266099384702,0.5489403311437308,3.2869918336559807,0.0,4.000274265728722,True
2017-05-08,7.314537188934082,0.5501695367727815,3.290301651990935,0.0,4.024235536943147,True
2017-05-09,7.363023595604679,0.5525586978915747,3.294520865072417,0.0,4.068502730532262,True
2017-05-10,7.373431046171669,0.552659925854768,3.298431190899191,0.0,4.074999855272479,True
2017-05-11,7.359006645096144,0.5524188579132875,3.293752598835839,0.0,4.065254046260305,True
2017-05-12,7.3863449753423165,0.5539481501463034,3.2946928399089974,0.0,4.0916521354333195,True
2017-05-15,7.438844769565483,0.55517013841716,3.309020289182047,0.0,4.129824480383436,True
2017-05-16,7.496217445396236,0.5578561152083332,3.3144067025505564,0.0,4.18181074284568,True
2017-05-17,7.108308570711947,0.5437922027331333,3.242865795337687,0.0,3.86544277537426,True
2017-05-18,7.2268951068114475,0.548412110045544,3.263578312207165,0.0,3.963316794604283,True
2017-05-19,7.2923265075368695,0.5500631136708942,3.2810866828963414,0.0,4.011239824640528,True
2017-05-22,7.418427994490873,0.5547274993738482,3.3032219838219987,0.0,4.115206010668874,True
2017-05-23,7.433899568490071,0.554938820662805,3.3085401090264557,0.0,4.125359459463615,True
2017-05-24,7.502223960697937,0.5574634890268186,3.3200080161066667,0.0,4.18221594459127,True
2017-05-25,7.634350617065865,0.5622320041540332,3.3420743692183428,0.0,4.292276247847521,True
2017-05-26,7.655243180435686,0.5630847000682985,3.3446928702301713,0.0,4.310550310205516,True
2017-05-30,7.664145322686004,0.5635963399752576,3.3446610697816817,0.0,4.319484252904322,True
2017-05-31,7.657857763899523,0.5633695591418888,3.3436538114801584,0.0,4.314203952419365,True
2017-06-01,7.729237432732761,0.5648398872307222,3.363455832848511,0.0,4.36578159988425,True
2017-06-02,7.9030879957424975,0.5712736738900269,3.3882618813385115,0.0,4.514826114403986,True
2017-06-05,7.897830572968854,0.5711912838473259,3.386658588386113,0.0,4.511171984582741,True
2017-06-06,7.834516934921483,0.5692758135228065,3.374515933235851,0.0,4.460001001685632,True
2017-06-07,7.892988043873874,0.5712330834625665,3.38425214583863,0.0,4.508735898035244,True
2017-06-08,7.907774666294815,0.5717056248057426,3.3868554098777146,0.0,4.5209192564171,True
2017-06-09,7.535932760909592,0.556532715866022,3.3419396348968475,0.0,4.193993126012745,True
2017-06-12,7.450692242649026,0.5527068663783665,3.332643480864878,0.0,4.118048761784148,True
2017-06-13,7.568614814339149,0.5568123975335387,3.3543162535591087,0.0,4.2142985607800405,True
2017-06-14,7.502749290966946,0.5541766213111604,3.34490103835418,0.0,4.157848252612767,True
2017-06-15,7.43606695451297,0.5516093583472211,3.334262833107096,0.0,4.101804121405874,True
2017-06-16,7.380058263331002,0.5491371643027101,3.3273939962166326,0.0,4.05266426711437,True
2017-06-19,7.617882452819283,0.5577428803697082,3.3690627512659983,0.0,4.248819701553285,True
2017-06-20,7.4970792354731985,0.5538916269287497,3.344509820523202,0.0,4.152569414949997,True
2017-06-21,7.633843567213558,0.5597687283345991,3.3606566612891644,0.0,4.273186905924393,True
2017-06-22,7.6277316701728815,0.5595783834800088,3.3594179125582735,0.0,4.268313757614608,True
2017-06-23,7.684105031013406,0.5617094420486646,3.367870681399529,0.0,4.316234349613876,True
2017-06-26,7.620082884870341,0.5589142174813888,3.3611102221297107,0.0,4.25897266274063,True
2017-06-27,7.34173020423958,0.548187222515237,3.3170875151212607,0.0,4.024642689118319,True
2017-06-28,7.5494300160073795,0.5554839160255174,3.3558430669550163,0.0,4.193586949052364,True
2017-06-29,7.291944155678242,0.5458033921786732,3.311976299931606,0.0,3.979967855746636,True
2017-06-30,7.281826464460975,0.5446656527857305,3.3156656997229303,0.0,3.9661607647380452,True
2017-07-03,7.159144680973676,0.5389097414610655,3.30101187186779,0.0,3.858132809105886,True
2017-07-05,7.289259493868798,0.5443888577265921,3.3210678443288466,0.0,3.9681916495399516,True
2017-07-06,7.154323792505544,0.5400107346016045,3.290912145736888,0.0,3.863411646768656,True
2017-07-07,7.298485706526701,0.5452029570839458,3.319329717093432,0.0,3.9791559894332686,True
2017-07-10,7.3943655672148285,0.5493926805488457,3.3319552472845877,0.0,4.06241031993024,True
2017-07-11,7.431116657696886,0.5511571300095455,3.335403727874544,0.0,4.095712929822342,True
2017-07-12,7.6092339049504165,0.5574160364704226,3.3677249010765986,0.0,4.2415090038738175,True
2017-07-13,7.643796037973521,0.5585616481745993,3.37426472469256,0.0,4.269531313280962,True
2017-07-14,7.7652571236015895,0.5627427816899517,3.395414729328318,0.0,4.369842394273272,True
2017-07-17,7.7683234746465955,0.5628344964676253,3.3960430433962454,0.0,4.37228043125035,True
2017-07-18,7.867475655020758,0.566787727511958,3.408287007255889,0.0,4.4591886477648695,True
2017-07-19,7.968334051522561,0.5698580732281375,3.4275145620837555,0.0,4.540819489438805,True
2017-07-20,7.988414872777387,0.5705608129179667,3.4305383890395458,0.0,4.557876483737841,True
2017-07-21,7.979271097866766,0.5703495181480461,3.428297672025825,0.0,4.550973425840941,True
2017-07-24,8.045996455363618,0.5729887572639192,3.4357309454549183,0.0,4.610265509908698,True
2017-07-25,8.01491693244809,0.5713596285994378,3.4355169706692044,0.0,4.579399961778885,True
2017-07-26,8.06159583813507,0.5731394334158171,3.4411773670390273,0.0,4.620418471096043,True
2017-07-27,7.96674608276145,0.569614649238122,3.4287708072601046,0.0,4.537975275501346,True
2017-07-28,7.94868576078465,0.569069589501306,3.425330417820053,0.0,4.523355342964597,True
2017-07-31,7.881564882692912,0.5664445452527743,3.41709544683569,0.0,4.464469435857222,True
2017-08-01,7.918548674002947,0.56749140666004,3.4248403482870193,0.0,4.493708325715928,True
2017-08-02,7.956928837454776,0.5688884918698093,3.430323591199734,0.0,4.526605246255042,True
2017-08-03,7.899817685094282,0.5670376534112006,3.4203236025621173,0.0,4.479494082532165,True
2017-08-04,7.92349888405033,0.567547026233393,3.4265406550439566,0.0,4.496958229006373,True
2017-08-07,8.01713745818376,0.5708469150927092,3.4405792723053565,0.0,4.576558185878403,True
2017-08-08,7.99287232427327,0.5704459541209201,3.433370645086508,0.0,4.559501679186762,True
2017-08-09,7.972672391052127,0.5696498153930577,3.431041035299954,0.0,4.541631355752172,True
2017-08-10,7.616833147230533,0.5575530206655646,3.3700448180865505,0.0,4.246788329143983,True
2017-08-11,7.7291696316786975,0.562007583205207,3.3853176867958727,0.0,4.343851944882825,True
2017-08-14,7.936692314145702,0.5685991737869226,3.423895621721437,0.0,4.512796692424265,True
2017-08-15,7.945795851228978,0.5689699736896523,3.4248765948118782,0.0,4.5209192564171,True
2017-08-16,7.975309889814596,0.5698179327525149,3.430835295339756,0.0,4.544474594474841,True
2017-08-17,7.634080469088291,0.5586871786824029,3.369017589978919,0.0,4.265062879109372,True
2017-08-18,7.615230643548117,0.5580971124013435,3.3651924111136884,0.0,4.250038232434429,True
2017-08-21,7.6066860360401805,0.5577094742818666,3.364365165852995,0.0,4.242320870187185,True
2017-08-22,7.838762867352889,0.5652889892629331,3.4075965289951626,0.0,4.431166338357726,True
2017-08-23,7.77704057993074,0.5634046773298378,3.3954195414138066,0.0,4.381621038516934,True
2017-08-24,7.731535917212332,0.5619931194374149,3.3864659290557584,0.0,4.345069988156573,True
2017-08-25,7.702680497924825,0.5603023047156644,3.386850862449144,0.0,4.315829635475681,True
2017-08-28,7.745768156688534,0.5620616481991932,3.3921689399713495,0.0,4.353599216717185,True
2017-08-29,7.807984634713255,0.5644485122771827,3.4007793237662556,0.0,4.407205310946999,True
2017-08-30,7.988721294655113,0.5707929028843439,3.4288158765449466,0.0,4.559905418110166,True
2017-08-31,8.146958611268161,0.5756084019516328,3.457500784270002,0.0,4.68945782699816,True
2017-09-01,8.143790913486797,0.5754334712076831,3.457581039349501,0.0,4.686209874137296,True
2017-09-05,7.990372317643502,0.5707768726108052,3.4296525951829926,0.0,4.56071972246051,True
2017-09-06,8.04083479852412,0.5720939618325563,3.4407217621953707,0.0,4.600113036328748,True
2017-09-07,8.073084223584235,0.5733299575356008,3.4445431884953566,0.0,4.628541035088878,True
2017-09-08,7.942025075548202,0.568422136689913,3.4276022124602243,0.0,4.514422863087977,True
2017-09-11,8.123797400333808,0.5734003228768533,3.4656093479962613,0.0,4.658188052337547,True
2017-09-12,8.173187385165617,0.5747549495695808,3.4756074817820184,0.0,4.697579903383598,True
2017-09-13,8.195892609984288,0.5755412111791891,3.478818650539365,0.0,4.717073959444923,True
2017-09-14,8.10552258688238,0.572137931701326,3.4680456586651145,0.0,4.637476928217266,True
2017-09-15,8.151175075144064,0.5735171112106414,3.4763366930752566,0.0,4.674838382068806,True
2017-09-18,8.141223299673104,0.5728215150912715,3.477755434457996,0.0,4.663467865215108,True
2017-09-19,8.165850799052517,0.573530941660142,3.482482700815704,0.0,4.683368098236813,True
2017-09-20,8.122115100089298,0.5718189709544633,3.477735601582528,0.0,4.64437949850677,True
2017-09-21,8.017463501137666,0.5681389437406008,3.4624302561224933,0.0,4.5550332450151725,True
2017-09-22,8.004760966608139,0.5676199775993269,3.46109872605406,0.0,4.543662240554078,True
2017-09-25,7.840447644831856,0.5613344838361531,3.4393340130757837,0.0,4.401113631756072,True
2017-09-26,7.87599207500383,0.562616911769248,3.444825736646104,0.0,4.431166338357726,True
2017-09-27,8.018431397733822,0.5676144655497154,3.4670537453620818,0.0,4.551377652371741,True
2017-09-28,8.012195665381187,0.5670932700990035,3.468533424827109,0.0,4.543662240554078,True
2017-09-29,8.127031067955935,0.5709234391206003,3.487118540798567,0.0,4.639912527157367,True
2017-10-02,8.149149597730272,0.5709684438166577,3.496242333485076,0.0,4.652907264245195,True
2017-10-03,8.185854331360806,0.5719804436542574,3.503705739219928,0.0,4.682148592140878,True
2017-10-04,8.201796659256976,0.5723540411864602,3.507465196341637,0.0,4.694331462915339,True
2017-10-05,8.364599160002978,0.577382103942869,3.535029298361702,0.0,4.829569861641275,True
2017-10-06,8.38244687006021,0.5782360578046678,3.535413837159518,0.0,4.8470330329006925,True
2017-10-09,8.36530960527112,0.5779642239986333,3.5304599307522837,0.0,4.8348496745188365,True
2017-10-10,8.381435380136447,0.5780634748999898,3.536433719645055,0.0,4.845001660491391,True
2017-10-11,8.431722032421725,0.5796253312326984,3.5444823565172405,0.0,4.887239675904484,True
2017-10-12,8.399449826286665,0.5787093469737679,3.5386097023773813,0.0,4.860840123909283,True
2017-10-13,8.462849593510015,0.5808045438351693,3.547588095805783,0.0,4.915261497704233,True
2017-10-16,8.522077671617991,0.5827247776176065,3.556051855584426,0.0,4.966025816033564,True
2017-10-17,8.543063651076539,0.5833373954854709,3.559575151390953,0.0,4.983488499685586,True
2017-10-18,8.523569191878615,0.5824322515654112,3.5591675960791793,0.0,4.964401595799434,True
2017-10-19,8.462654339554115,0.5801459371564238,3.553079806902616,0.0,4.909574532651499,True
2017-10-20,8.51235421552844,0.5809573434916421,3.5670395236151573,0.0,4.945314691913283,True
2017-10-23,8.40159383796125,0.5776434544334128,3.548468150654839,0.0,4.853125687306411,True
2017-10-24,8.432485522744814,0.5784649265096564,3.554588404536494,0.0,4.87789711820832,True
2017-10-25,8.357670003881463,0.5765487922226308,3.539065457348296,0.0,4.818604546533168,True
2017-10-26,8.309642716098015,0.5745049571062284,3.5357117839180408,0.0,4.773930932179973,True
2017-10-27,8.786982239354963,0.5901150163411265,3.6016520715888216,0.0,5.185330167766142,True
2017-10-30,8.82128081931596,0.5920101615242804,3.598992936621683,0.0,5.222287882694278,True
2017-10-31,8.886080776820004,0.5939084752113005,3.608562092054386,0.0,5.277518684765617,True
2017-11-01,8.880971968482417,0.593472946518505,3.6103553663989087,0.0,5.270616602083508,True
2017-11-02,8.851426441594185,0.5924256808268381,3.6076141056440725,0.0,5.243812335950112,True
2017-11-03,9.02099902976858,0.5974964157711746,3.63098444280661,0.0,5.3900145869619704,True
2017-11-06,9.084794245615688,0.5993355534623575,3.63995405832797,0.0,5.444840187287719,True
2017-11-07,9.093528428472752,0.5997424594973496,3.6397533232714356,0.0,5.453775105201316,True
2017-11-08,9.172183616952653,0.6020379470580947,3.6501810221625886,0.0,5.522002594790065,True
2017-11-09,9.06746056116096,0.5992271122617551,3.633992353549125,0.0,5.433468207611835,True
2017-11-10,9.065155443471468,0.5992004214891201,3.6333104808789725,0.0,5.431844962592495,True
2017-11-13,9.085334178542364,0.5996574832242506,3.6372455507863855,0.0,5.448088627755978,True
2017-11-14,9.019666612448356,0.5979448849688296,3.626403097410731,0.0,5.393263515037625,True
2017-11-15,8.922881356149002,0.5955553506787251,3.6088116210230243,0.0,5.314069735125977,True
2017-11-16,9.160279465035583,0.6018450813364173,3.6472103253369283,0.0,5.513069139698654,True
2017-11-17,9.086227533485541,0.5999561449841722,3.6348894900465134,0.0,5.451338043439028,True
2017-11-20,9.074511042824358,0.5992540098004345,3.6365739134335398,0.0,5.43793712939082,True
2017-11-21,9.277528580197474,0.6046134905655179,3.668209641502925,0.0,5.609318938694549,True
2017-11-22,9.300484701301336,0.6055228223839942,3.6688289554301914,0.0,5.631655745871145,True
2017-11-24,9.374791993507472,0.6074812210334052,3.679781906357362,0.0,5.695010087150109,True
2017-11-27,9.363707283303949,0.6072027171125505,3.678038778635213,0.0,5.685668504668736,True
2017-11-28,9.428904358862125,0.607440656679356,3.7014045033480736,0.0,5.7274998555140515,True
2017-11-29,9.101076635732472,0.5969693159315295,3.6680131422588333,0.0,5.4330634934736395,True
2017-11-30,9.26734156066081,0.6008081933291108,3.6994468206364073,0.0,5.567894740024403,True
2017-12-01,9.181315447925783,0.5983429719197612,3.6877398766810576,0.0,5.493575571244726,True
2017-12-04,8.968180280501848,0.5914150483203524,3.6642635065632154,0.0,5.3039167739386315,True
2017-12-05,8.970506432740363,0.5921218830616741,3.6588732717692776,0.0,5.311633160971085,True
2017-12-06,9.049373626598186,0.5947253638804922,3.66748160362905,0.0,5.381892022969136,True
2017-12-07,9.11456994905935,0.5963083196513367,3.6794760583911996,0.0,5.43509389066815,True
2017-12-08,9.204608360022327,0.598284873480675,3.697630411907206,0.0,5.5069779481151215,True
2017-12-11,9.350823100278799,0.6024368021610114,3.7175431341735248,0.0,5.633279966105274,True
2017-12-12,9.330480992661382,0.6014869096064072,3.7183188152441655,0.0,5.612162177417217,True
2017-12-13,9.361877125825181,0.6024630422538916,3.721692151393423,0.0,5.640184974431757,True
2017-12-14,9.344837106818641,0.6026922027244112,3.712776646809302,0.0,5.63206046000934,True
2017-12-15,9.56453585195394,0.6079982856644457,3.7493144507898153,0.0,5.815221401164124,True
2017-12-18,9.741591454194735,0.6122893377635177,3.7769188739430977,0.0,5.964672580251637,True
2017-12-19,9.626087703216392,0.609553028795054,3.7584767882740153,0.0,5.867610914942377,True
2017-12-20,9.598709542328551,0.60875299926477,3.7554663193646785,0.0,5.843243222963873,True
2017-12-21,9.599973459478003,0.6083767310921473,3.759572987629403,0.0,5.8404004718486,True
2017-12-22,9.57784060681998,0.6077473140709658,3.7569337034253074,0.0,5.820906903394672,True
2017-12-26,9.471227462156326,0.6046404266889069,3.7445404481704316,0.0,5.726687013985894,True
2017-12-27,9.472377135389458,0.6045670407896445,3.7456901214035625,0.0,5.726687013985894,True
2017-12-28,9.493936283469251,0.6048197098235136,3.751816495418451,0.0,5.7421197880508,True
2017-12-29,9.36681863072654,0.6014513441071381,3.73313297526828,0.0,5.63368565545826,True
2018-01-02,9.702052480876464,0.6104732160035528,3.779209301040562,0.0,5.922843179835902,True
2018-01-03,9.905775910899965,0.6154242689882217,3.8095210121732186,0.0,6.096254898726746,True
2018-01-04,9.952875865167222,0.6161027881239538,3.8208812947860875,0.0,6.131994570381134,True
2018-01-05,10.16998548297686,0.6211597284673732,3.8528000618538263,0.0,6.3171854211230345,True
2018-01-08,10.251261228915624,0.6230885317690764,3.8638179210093284,0.0,6.387443307906294,True
2018-01-09,10.260625541228986,0.6229948096761386,3.8683090850129065,0.0,6.392316456216079,True
2018-01-10,10.207659869495895,0.6217714007611184,3.860828893946379,0.0,6.346830975549517,True
2018-01-11,10.36207284272601,0.6247733823290589,3.8881255448359946,0.0,6.473947297890015,True
2018-01-12,10.526301420223618,0.6280662936265436,3.9150863016279476,0.0,6.611215118595671,True
2018-01-16,10.462844740081042,0.6269847074152756,3.9028010919898755,0.0,6.560043648091167,True
2018-01-17,10.709217308318179,0.6318630269296671,3.9424588438366728,0.0,6.766758464481506,True
2018-01-18,10.712758365223298,0.6322607658386243,3.939501556983087,0.0,6.773256808240212,True
2018-01-19,10.79287648251661,0.6335878014747202,3.954641600370699,0.0,6.83823488214591,True
2018-01-22,11.043731525935677,0.6385390404581095,3.9918777942877357,0.0,7.051853731647941,True
2018-01-23,11.243163076367402,0.6431060538318975,4.0126168377362665,0.0,7.2305462386311365,True
2018-01-24,11.082755041225084,0.6391856342857363,3.9988172305661878,0.0,7.083937810658897,True
2018-01-25,11.073954817748348,0.6388866959975963,3.9989524126104428,0.0,7.075002405137905,True
2018-01-26,11.443709565838443,0.6458539626806948,4.052744394974712,0.0,7.390965170863732,True
2018-01-29,11.322560349765634,0.6441201869118308,4.02947066095411,0.0,7.293089688811524,True
2018-01-30,11.09890446642731,0.6403047968840007,3.992222696416644,0.0,7.106681770010667,True
2018-01-31,11.195899928629476,0.6425925907080375,4.001497588183529,0.0,7.194402340445948,True
2018-02-01,10.996709900187277,0.6378718149564127,3.982218597605667,0.0,7.014491302581609,True
2018-02-02,10.485194827531066,0.628127198039104,3.8991587796198712,0.0,6.586036047911195,True
2018-02-05,9.566537598395882,0.608974720914067,3.7407580342988203,0.0,5.825779564097061,True
2018-02-06,10.102120105177223,0.6211516793703816,3.827171236645095,0.0,6.274948868532128,True
2018-02-07,9.818839644297885,0.6138004205560097,3.7920317412558227,0.0,6.026807903042062,True
2018-02-08,8.920869112289417,0.591865622067498,3.640913365761513,0.0,5.279955746527905,True
2018-02-09,9.228198393441218,0.5990877853772689,3.6996974548924477,0.0,5.5285009385487704,True
2018-02-12,9.597649591087308,0.6082700123051841,3.759687156215786,0.0,5.837962434871521,True
2018-02-13,9.683100031936888,0.610242030601346,3.774065405931764,0.0,5.909034626005125,True
2018-02-14,10.089913985205733,0.6199307218542252,3.8348663249101005,0.0,6.255047660295632,True
2018-02-15,10.476902532318375,0.6282366623153928,3.8949282540109924,0.0,6.581974278307382,True
2018-02-16,10.395268235650676,0.626098946241024,3.886801747416998,0.0,6.508466488233677,True
2018-02-20,10.419476910717048,0.6277623939319319,3.878521141726824,0.0,6.540955768990224,True
2018-02-21,10.345429590633403,0.6265635774220746,3.863360216357949,0.0,6.482069374275453,True
2018-02-22,10.3489179001588,0.6264701735303659,3.8656295073948064,0.0,6.483288392763993,True
2018-02-23,10.805469780519982,0.6357435374846164,3.9359621980690873,0.0,6.869507582450895,True
2018-02-26,11.130172624823828,0.641972231302787,3.984910870080478,0.0,7.145261754743351,True
2018-02-27,10.82476727397699,0.6364484950009147,3.9353604337191803,0.0,6.889406840257809,True
2018-02-28,10.653719952116624,0.6336678215495032,3.902800438660405,0.0,6.7509195134562185,True
2018-03-01,10.268589461373574,0.6257943476307782,3.842564218305014,0.0,6.426025243068561,True
2018-03-02,10.472794464427595,0.6304608466896642,3.870107599177746,0.0,6.60268686524985,True
2018-03-05,10.723729909287227,0.6350223211704515,3.913922050686656,0.0,6.809807858600571,True
2018-03-06,10.82306687292175,0.6371488578401002,3.927162176512631,0.0,6.895904696409119,True
2018-03-07,10.878467659323288,0.638645219734136,3.930986290664075,0.0,6.947481368659213,True
2018-03-08,11.00236032155879,0.6408663365737682,3.95131796861682,0.0,7.051042352941969,True
2018-03-09,11.485710766874483,0.6496444929224396,4.024082019874504,0.0,7.461628746999979,True
2018-03-12,11.605557423414949,0.6525590321737708,4.032246103354169,0.0,7.573311320060779,True
2018-03-13,11.290136666863356,0.646437571291326,3.9917681403890617,0.0,7.298368526474294,True
2018-03-14,11.254772054649596,0.6462676551621427,3.9811769095067895,0.0,7.273595145142806,True
2018-03-15,11.218375285836494,0.6454682779172984,3.9772699090576307,0.0,7.2411053767788625,True
2018-03-16,11.166696696822207,0.6441638946275879,3.973513862472192,0.0,7.193182834350014,True
2018-03-19,10.645821833484588,0.6332605879794607,3.9042424396875566,0.0,6.741579393797031,True
2018-03-20,10.705113746642908,0.63438150375466,3.9139875901828978,0.0,6.79112615646001,True
2018-03-21,10.594554031201515,0.6317249860387367,3.9017095337540963,0.0,6.692844497447419,True
2018-03-22,10.008670283185282,0.6198502887470004,3.8047931181793615,0.0,6.2038771650059195,True
2018-03-23,9.416838225381504,0.6055880832687176,3.7141132140211273,0.0,5.702725011360377,True
2018-03-26,10.178320170110176,0.6233243583389209,3.833925281108155,0.0,6.344394889002021,True
2018-03-27,9.475308708380847,0.6053657258229068,3.7392815747357653,0.0,5.736027133645082,True
2018-03-28,9.250496015116184,0.5986973267291095,3.7122487799478447,0.0,5.538247235168339,True
2018-03-29,9.614830103625824,0.6079014234287974,3.7699611976056353,0.0,5.8448689060201895,True
2018-04-02,9.00073678336257,0.5917123822573527,3.6748893792077224,0.0,5.325847404154848,True
2018-04-03,9.223657626999062,0.5967849343220861,3.7191177158610182,0.0,5.5045399111380435,True
2018-04-04,9.533200852452612,0.6047142375162748,3.7683385678722288,0.0,5.764862284580383,True
2018-04-05,9.649369308359631,0.6068197173765265,3.793941751799111,0.0,5.85542755656052,True
2018-04-06,9.122641172761794,0.5939555725501048,3.704197611824903,0.0,5.418443560936891,True
2018-04-09,9.253209560752577,0.5972929373346141,3.7263328424379356,0.0,5.52687671831464,True
2018-04-10,9.689042341930904,0.6081073261706783,3.7970647102248147,0.0,5.891977631706089,True
2018-04-11,9.569044091712275,0.6053775631575081,3.7761594977247466,0.0,5.7928845939875275,True
2018-04-12,9.81037240878787,0.6111841687040162,3.8144281034460383,0.0,5.9959443053418315,True
2018-04-13,9.705962393599073,0.6085954670825414,3.798957677181063,0.0,5.90700471641801,True
2018-04-16,9.866422338214033,0.6119106586625424,3.8290533465946615,0.0,6.0373689916193705,True
2018-04-17,10.314334923864656,0.6227826809907607,3.890745767343593,0.0,6.423589156521064,True
2018-04-18,10.364430387745887,0.6240827562423925,3.8961681044790257,0.0,6.468262283266863,True
2018-04-19,10.159865300441373,0.6193400567929567,3.867453748257224,0.0,6.2924115521841495,True
2018-04-20,9.811117049407454,0.6105996353214519,3.8204525569431844,0.0,5.99066449246427,True
2018-04-23,9.758895850021222,0.6090397784873833,3.8153400832428517,0.0,5.94355576677837,True
2018-04-24,9.313876711162047,0.5974575863654384,3.7492304116059034,0.0,5.564646299556144,True
2018-04-25,9.34268749772423,0.5979624646040864,3.7561110555592645,0.0,5.586576442164965,True
2018-04-26,9.747737734251773,0.6086536489564939,3.814741593228525,0.0,5.9329961410232475,True
2018-04-27,9.764512236664688,0.6090220471742802,3.81770900463285,0.0,5.946803232031838,True
2018-04-30,9.609580000933045,0.605655353688092,3.789486426673927,0.0,5.820093574259118,True
2018-05-01,9.82386154528623,0.611709120623844,3.8145158382887927,0.0,6.009345706997436,True
2018-05-02,9.695024149798195,0.6090308325836835,3.790455519927682,0.0,5.904568629870513,True
2018-05-03,9.691017723110877,0.6093243777613457,3.7860443791021674,0.0,5.904973344008709,True
2018-05-04,10.08365056400374,0.6185438235199545,3.846470789105721,0.0,6.23717977489802,True
2018-05-07,10.254371825446583,0.622701518864974,3.8689589147347996,0.0,6.385412910711784,True
2018-05-08,10.231275326796677,0.6220431403842336,3.8669806923803463,0.0,6.36429463441633,True
2018-05-09,10.484249791565428,0.6273703352861336,3.9067424846074497,0.0,6.57750730695798,True
2018-05-10,10.727443323300074,0.6322280210607744,3.945253059968452,0.0,6.782190263331622,True
2018-05-11,10.711297730890323,0.6312853480555501,3.9494124147186014,0.0,6.761885316171722,True
2018-05-14,10.745669810210371,0.6320627429583204,3.9537322750443895,0.0,6.791937535165982,True
2018-05-15,10.490450366213274,0.6264962193851729,3.918222872132856,0.0,6.572227494080418,True
2018-05-16,10.632665706846666,0.6294988807656416,3.9394145448314704,0.0,6.693251162015196,True
2018-05-17,10.5478878483896,0.6273969793637254,3.9301748736426196,0.0,6.61771297474698,True
2018-05-18,10.426821371061452,0.6245158228925373,3.9151064423595163,0.0,6.511714928701936,True
2018-05-21,10.566240189111086,0.6270375500840111,3.9408108273316524,0.0,6.6254293617794335,True
2018-05-22,10.523668498489686,0.6262938356106034,3.9327597898761018,0.0,6.5909087086135845,True
2018-05-23,10.71137767252678,0.6307877202970754,3.9547721692326188,0.0,6.7566055032941605,True
2018-05-24,10.701058780973753,0.6308646323351859,3.950139267517534,0.0,6.7509195134562185,True
2018-05-25,10.715389893021642,0.6316127609850454,3.947412897658992,0.0,6.76797699536265,True
2018-05-29,10.597464490684569,0.6304784978387523,3.915990997698244,0.0,6.681473492986326,True
2018-05-30,10.780163865234233,0.6330165013710267,3.9561422510572957,0.0,6.824021614176938,True
2018-05-31,10.75214918609571,0.633306191999331,3.942746529240729,0.0,6.809402656854981,True
2018-06-01,11.119223674094238,0.6408877608832072,3.9930493108444334,0.0,7.126174363249804,True
2018-06-04,11.329493869029864,0.645123891808989,4.020566692015239,0.0,7.308927177014626,True
2018-06-05,11.412722781712684,0.6470380890465703,4.028256442215052,0.0,7.384466339497633,True
2018-06-06,11.563147193434856,0.6491572977986645,4.056845807296473,0.0,7.506301386138383,True
2018-06-07,11.372209724294336,0.6447362927583498,4.04013338618235,0.0,7.332076338111985,True
2018-06-08,11.373425142837558,0.6442389680670577,4.04622146542796,0.0,7.327203677409597,True
2018-06-11,11.438829524490671,0.6455613595505906,4.054363184993037,0.0,7.384466339497633,True
2018-06-12,11.569072635830185,0.648403464230486,4.067645860823773,0.0,7.501426775006412,True
2018-06-13,11.553939592814793,0.6485147695206825,4.061039120724618,0.0,7.492900472090174,True
2018-06-14,11.8074422503513,0.6538870073185291,4.08670917318273,0.0,7.720733077168571,True
2018-06-15,11.720945248457053,0.6521638141791904,4.076968889437842,0.0,7.643976359019211,True
2018-06-18,11.698518143417783,0.6519560230807089,4.071598778697607,0.0,7.626919364720175,True
2018-06-19,11.616720208651817,0.6506734475617759,4.058028821127786,0.0,7.55869138752403,True
2018-06-20,11.79297756058061,0.6543790113459527,4.075900563662866,0.0,7.717076996917744,True
2018-06-21,11.56268567733515,0.6501315869538009,4.045418488481264,0.0,7.517267188853886,True
2018-06-22,11.486344945309234,0.6478760703952142,4.044616918938355,0.0,7.441728026370879,True
2018-06-25,10.938093400092285,0.6369088748221864,3.9715246399395254,0.0,6.96656876015276,True
2018-06-26,11.027357745844007,0.6387137474839986,3.9840327551492827,0.0,7.043324990694725,True
2018-06-27,10.701107697764787,0.6317726597883059,3.940440424866813,0.0,6.760667272897973,True
2018-06-28,10.895017465882916,0.6357368036958767,3.9686538859117606,0.0,6.926363579971155,True
2018-06-29,10.93488247853061,0.6363159842337817,3.976841971723671,0.0,6.95804050680694,True
2018-07-02,11.108403963210556,0.6404150916374916,3.9944144211647927,0.0,7.113989542045762,True
2018-07-03,10.833347994888479,0.634070040834244,3.9642465893979657,0.0,6.869101405490514,True
2018-07-05,11.126320207080106,0.640041053107195,4.005018504532692,0.0,7.121301702547415,True
2018-07-06,11.49483625277874,0.6473974802878928,4.0531082264078595,0.0,7.441728026370879,True
2018-07-09,11.738438569291358,0.6516070652990393,4.0895890619623625,0.0,7.648849507328995,True
2018-07-10,11.765571776320517,0.6516575822286257,4.098447719026132,0.0,7.667124057294385,True
2018-07-11,11.62809431203355,0.6497226527195883,4.073058029545557,0.0,7.555036282487994,True
2018-07-12,12.05446808641356,0.6576693804567015,4.126613528286874,0.0,7.927854558126687,True
2018-07-13,12.080965120955362,0.6581429289124295,4.129963352160896,0.0,7.951001768794465,True
2018-07-16,12.02056554702223,0.6569901967791719,4.123171822887159,0.0,7.897393724135069,True
2018-07-17,12.187650403058804,0.6599792974323394,4.144053452697086,0.0,8.043596950361717,True
2018-07-18,12.136929331775317,0.658521177290297,4.144504339525499,0.0,7.992424992249819,True
2018-07-19,12.000568968885036,0.6561560577899405,4.12632294302514,0.0,7.874246025859896,True
2018-07-20,11.98678508425461,0.6559957626564359,4.123504861110218,0.0,7.863280223144392,True
2018-07-23,12.065411370616573,0.6573756154259021,4.133904145490826,0.0,7.931507225125746,True
2018-07-24,12.185454035498442,0.6591982661483857,4.1528238630670185,0.0,8.032630172431423,True
2018-07-25,12.567220635633692,0.6658337270462089,4.199541281197685,0.0,8.367679354436008,True
2018-07-26,12.164945241246258,0.6578058999032353,4.162772489554684,0.0,8.002172751691575,True
2018-07-27,11.788921561982898,0.6504703185166076,4.120577998592579,0.0,7.6683435633903185,True
2018-07-30,11.418869103639064,0.6426352689308193,4.08070108633615,0.0,7.338168017302914,True
2018-07-31,11.590743310628717,0.6457196957046223,4.106372067099155,0.0,7.484371243529562,True
2018-08-01,11.69745126686571,0.6485782713373267,4.110738545149326,0.0,7.586712721716384,True
2018-08-02,12.038768007263208,0.6552885179982323,4.149901561259169,0.0,7.88886644600404,True
2018-08-03,12.124680893210607,0.6564734820707346,4.165149408248135,0.0,7.959531484962472,True
2018-08-06,12.290778700680342,0.6594971672157474,4.185044964706012,0.0,8.10573373597433,True
2018-08-07,12.384506537344063,0.6609004588421091,4.199580484280271,0.0,8.18492605306379,True
2018-08-08,12.408096385384585,0.6614115012969758,4.201238726889787,0.0,8.206857658494798,True
2018-08-09,12.396648081518292,0.6614327009784139,4.197099657880775,0.0,8.199548423637516,True
2018-08-10,12.17526992876942,0.6577485696961048,4.1670035474573375,0.0,8.008266381312083,True
2018-08-13,12.14201086895818,0.6576436416651865,4.156894623958246,0.0,7.985116244999933,True
2018-08-14,12.315720469118153,0.6603379820531151,4.183182467010427,0.0,8.132538002107726,True
2018-08-15,11.978450039962144,0.6542145618568826,4.141973595343752,0.0,7.836476444618392,True
2018-08-16,12.073909037207176,0.6549959060733529,4.165548047534417,0.0,7.908360989672759,True
2018-08-17,12.080486457752306,0.6545384150252852,4.17334399896069,0.0,7.907142458791616,True
2018-08-20,12.067254849157699,0.6539434719158478,4.175952316606163,0.0,7.891302532551536,True
2018-08-21,12.161451606165954,0.6555905614569675,4.1885187195478775,0.0,7.972932886618077,True
2018-08-22,12.260929783273992,0.6578234071910193,4.195403177910849,0.0,8.065526605363143,True
2018-08-23,12.214927436358128,0.6570094208262504,4.1896050359618,0.0,8.025322400396329,True
2018-08-24,12.469958527834507,0.6614521502648911,4.221677645884356,0.0,8.248280881950151,True
2018-08-27,12.756685407867916,0.6660684811377762,4.259859333896901,0.0,8.496826073971016,True
2018-08-28,12.798603176498906,0.6668380173921281,4.264008008893782,0.0,8.534595167605124,True
2018-08-29,13.133172779334544,0.6725788893884564,4.300078017263008,0.0,8.833094762071536,True
2018-08-30,13.07071381921335,0.6719709042592905,4.287574434802152,0.0,8.783139384411198,True
2018-08-31,13.099135502773066,0.672466291247101,4.2904084326800325,0.0,8.808727070093033,True
2018-09-04,12.981467792046713,0.6704902852256144,4.277519749510185,0.0,8.703948042536528,True
2018-09-05,12.602078636385407,0.6632186859158099,4.244144603354177,0.0,8.357934033031231,True
2018-09-06,12.348886926049957,0.6583671053943334,4.2187859857045185,0.0,8.130100940345438,True
2018-09-07,12.256254111868358,0.6567821257685674,4.206565482315711,0.0,8.049688629552646,True
2018-09-10,12.337658880749112,0.6581762186002367,4.217305212238033,0.0,8.120353668511079,True
2018-09-11,12.541173921365937,0.6618734775368083,4.240503525637534,0.0,8.300670395728403,True
2018-09-12,12.463553427367087,0.6602281072300371,4.234765138656073,0.0,8.228788288711014,True
2018-09-13,12.742360154631909,0.664904953177982,4.269901772639395,0.0,8.472458381992514,True
2018-09-14,12.671909225946514,0.6635059729631205,4.26402176568453,0.0,8.407887460261986,True
2018-09-17,12.27537164421486,0.6560570989798794,4.222026934411387,0.0,8.053344709803474,True
2018-09-18,12.495569159391541,0.6598039410407761,4.250943382477425,0.0,8.244625776914116,True
2018-09-19,12.477932667960404,0.6592720461848882,4.251580465796888,0.0,8.226352202163516,True
2018-09-20,12.776952933573845,0.6640583075233359,4.292311193199477,0.0,8.48464174037437,True
2018-09-21,12.62802029788402,0.6611807418978313,4.278616468628192,0.0,8.349403829255829,True
2018-09-24,12.698747626246416,0.6631589298851215,4.277459739543616,0.0,8.4212878867028,True
2018-09-25,12.7337858195213,0.6640132004056855,4.278383944220428,0.0,8.455401875300872,True
2018-09-26,12.720366272292889,0.6640433472083713,4.273491675123045,0.0,8.446874597169844,True
2018-09-27,12.978349770984043,0.6688676562901401,4.29755137715227,0.0,8.680798393831774,True
2018-09-28,12.964709079549333,0.668537715655202,4.297312087373164,0.0,8.667396992176169,True
2018-10-01,13.026520298197852,0.6692002330517169,4.309169878790928,0.0,8.717350419406923,True
2018-10-02,12.970450349904889,0.6682417925634885,4.30305335772872,0.0,8.667396992176169,True
2018-10-03,12.999533275616916,0.6687149121360351,4.306551523403285,0.0,8.69298175221363,True
2018-10-04,12.445492513353642,0.6586408997366062,4.248382126693202,0.0,8.19711038666044,True
2018-10-05,12.099387201166804,0.6520054540649197,4.210520755162764,0.0,7.88886644600404,True
2018-10-08,11.945202417392293,0.6485898342261749,4.197665561697722,0.0,7.747536855694571,True
2018-10-09,12.008638308043565,0.6501350833360421,4.201401240891275,0.0,7.807237067152291,True
2018-10-10,10.83727968293681,0.6269821369090406,4.042498909048159,0.0,6.79478077388865,True
2018-10-11,10.492340709216895,0.6213516086862908,3.972907930660319,0.0,6.519432778556576,True
2018-10-12,11.125908425279913,0.6354653030539257,4.055779656059189,0.0,7.070128769220725,True
2018-10-15,10.823153784335922,0.6285884999893027,4.019843781886659,0.0,6.803310002449262,True
2018-10-16,11.51160516710432,0.6419034437800102,4.122266166904297,0.0,7.389339000200022,True
2018-10-17,11.537153534682659,0.6425940490680184,4.123447330111528,0.0,7.41370620457113,True
2018-10-18,10.945438281692452,0.6303594348152222,4.045877992639902,0.0,6.89956028905255,True
2018-10-19,10.914449683777839,0.6295817176983812,4.042911704132433,0.0,6.871537979645406,True
2018-10-22,11.01933424405229,0.632987330218519,4.044235280124128,0.0,6.975098963928162,True
2018-10-23,10.924840117810206,0.6314362700927046,4.026499822460985,0.0,6.89834029534922,True
2018-10-24,9.83356789378006,0.6061081464309805,3.8733622848778255,0.0,5.960205608902234,True
2018-10-25,10.546927351750703,0.6231028820371814,3.9751065222380615,0.0,6.5718208295126415,True
2018-10-26,9.950356859840406,0.6091569997741689,3.8890273284177046,0.0,6.061329531422702,True
2018-10-29,9.575481050145548,0.5991600967187349,3.838234898011927,0.0,5.73724615213362,True
2018-10-30,9.8572873800718,0.604526156484288,3.898299326835919,0.0,5.958988053235881,True
2018-10-31,10.325979187215848,0.6160235342933297,3.9649329932677775,0.0,6.361046193948071,True
2018-11-01,10.651011316128486,0.6233052481119294,4.012180065086053,0.0,6.638831251042434,True
2018-11-02,10.31060303188606,0.6150514795951103,3.969051381606708,0.0,6.341551650279352,True
2018-11-05,10.254494983028419,0.6123573954908753,3.9750791431468873,0.0,6.279415839881531,True
2018-11-06,10.414929360055956,0.6156754385894306,4.002713158425567,0.0,6.412216201630389,True
2018-11-07,11.110239424538843,0.6302206009867337,4.1083376572994705,0.0,7.001901767239372,True
2018-11-08,10.974008729806155,0.62716396319722,4.091505922660037,0.0,6.8825028071461185,True
2018-11-09,10.569880840394207,0.618061243191947,4.037047147789422,0.0,6.532833692604785,True
2018-11-12,9.897241252128662,0.602085763237735,3.93825319889278,0.0,5.958988053235881,True
2018-11-13,9.892775487134031,0.60211110865758,3.9362254708752284,0.0,5.956550016258802,True
2018-11-14,9.713229931707172,0.5976872955903979,3.907755802377406,0.0,5.805474129329765,True
2018-11-15,10.07848499114977,0.6068527759818488,3.962328396579133,0.0,6.116156594570637,True
2018-11-16,10.009672857474184,0.604330057452774,3.9605266844333387,0.0,6.049146173040846,True
2018-11-19,9.331925658360882,0.5860749516758226,3.8627177790946603,0.0,5.469207879266222,True
2018-11-20,8.958251900745863,0.5766568781233867,3.7924143262188577,0.0,5.165837574527004,True
2018-11-21,9.09487129154915,0.5807206938342951,3.8132913247871167,0.0,5.281579966762035,True
2018-11-23,8.951385523471355,0.5769630346605406,3.7867669674328903,0.0,5.164618556038465,True
2018-11-26,9.380257422021401,0.5883804764595505,3.861097090739214,0.0,5.519160331282187,True
2018-11-27,9.450536341535138,0.5900642849312808,3.874112372950123,0.0,5.576423968585014,True
2018-11-28,10.0862437901458,0.6052987533198303,3.981052998290666,0.0,6.105190791855134,True
2018-11-29,10.019360102465065,0.6037457593277412,3.9702139294242187,0.0,6.049146173040846,True
2018-11-30,10.172572965857693,0.6071085311004061,3.9967171350441264,0.0,6.175855830813566,True
2018-12-03,10.550729760679898,0.6153723661281605,4.058102223471509,0.0,6.4926275372083895,True
2018-12-04,9.69320112470838,0.5961571674488912,3.914529798689825,0.0,5.778671326018555,True
2018-12-06,9.788115580998213,0.5989649098559886,3.92537781436562,0.0,5.862737766632592,True
2018-12-07,9.103864474323327,0.5809501192560328,3.814973322274429,0.0,5.2888911520488975,True
2018-12-10,9.29315529345017,0.5869468199432626,3.8385673467206956,0.0,5.4545879467294744,True
2018-12-11,9.358427197188663,0.589102102686103,3.8453580574900084,0.0,5.513069139698654,True
2018-12-12,9.523922596161622,0.5934488269895144,3.8719619031305763,0.0,5.651960693031045,True
2018-12-13,9.52507125418402,0.5935051899405951,3.8718920302718307,0.0,5.653179223912189,True
2018-12-14,9.015761573159992,0.5797351489849716,3.7890076943311026,0.0,5.22675387882889,True
2018-12-17,8.598181377372613,0.568640024966888,3.708911304273618,0.0,4.889270073098995,True
2018-12-18,8.689439845990888,0.5720621282906061,3.718540394040144,0.0,4.970899451950744,True
2018-12-19,8.256525710802688,0.5585259711304794,3.6450416700128456,0.0,4.6114840407898425,True
2018-12-20,8.015248303750981,0.5522338871466198,3.588956576525226,0.0,4.426291727225755,True
2018-12-21,7.4912250032526835,0.0,7.4912250032526835,0.0,0.0,False
2018-12-24,7.299371072820759,0.0,7.299371072820759,0.0,0.0,False
2018-12-26,7.7116541010116775,0.0,7.7116541010116775,0.0,0.0,False
2018-12-27,7.756177042498191,0.0,7.756177042498191,0.0,0.0,False
2018-12-28,7.749147982866098,0.0,7.749147982866098,0.0,0.0,False
2018-12-31,7.815759530327104,0.0,7.815759530327104,0.0,0.0,False
2019-01-02,7.835530664380266,0.0,7.835530664380266,0.0,0.0,False
2019-01-03,7.614046733292167,0.0,7.614046733292167,0.0,0.0,False
2019-01-04,7.9044477705745315,0.0,7.9044477705745315,0.0,0.0,False
2019-01-07,7.982663937102346,0.0,7.982663937102346,0.0,0.0,False
2019-01-08,8.056266444642914,0.0,8.056266444642914,0.0,0.0,False
2019-01-09,8.107918853168307,0.0,8.107918853168307,0.0,0.0,False
2019-01-10,8.133814463194582,0.0,8.133814463194582,0.0,0.0,False
2019-01-11,8.1205097418945,0.0,8.1205097418945,0.0,0.0,False
2019-01-14,8.059858973739162,0.0,8.059858973739162,0.0,0.0,False
2019-01-15,8.184733786282278,0.0,8.184733786282278,0.0,0.0,False
2019-01-16,8.193880710334035,0.0,8.193880710334035,0.0,0.0,False
2019-01-17,8.257265344255783,0.0,8.257265344255783,0.0,0.0,False
2019-01-18,8.353089880871838,0.0,8.353089880871838,0.0,0.0,False
2019-01-22,8.213007572800706,0.0,8.213007572800706,0.0,0.0,False
2019-01-23,8.226923986164735,0.0,8.226923986164735,0.0,0.0,False
2019-01-24,8.255748366806538,0.0,8.255748366806538,0.0,0.0,False
2019-01-25,8.339996557406579,0.0,8.339996557406579,0.0,0.0,False
2019-01-28,8.256795834062906,0.0,8.256795834062906,0.0,0.0,False
2019-01-29,8.212339214454369,0.0,8.212339214454369,0.0,0.0,False
2019-01-30,8.381794147275775,0.0,8.381794147275775,0.0,0.0,False
2019-01-31,8.481333657325134,0.0,8.481333657325134,0.0,0.0,False
2019-02-01,8.46547031409838,0.0,8.46547031409838,0.0,0.0,False
2019-02-04,8.547827458227612,0.0,8.547827458227612,0.0,0.0,False
2019-02-05,8.603558593508403,0.0,8.603558593508403,0.0,0.0,False
2019-02-06,8.585060236526168,0.0,8.585060236526168,0.0,0.0,False
2019-02-07,8.486493780472967,0.0,8.486493780472967,0.0,0.0,False
2019-02-08,8.499999015329957,0.0,8.499999015329957,0.0,0.0,False
2019-02-11,8.498322662107062,0.0,8.498322662107062,0.0,0.0,False
2019-02-12,8.615795156246364,0.0,8.615795156246364,0.0,0.0,False
2019-02-13,8.632806071141372,0.0,8.632806071141372,0.0,0.0,False
2019-02-14,8.628531378019476,0.0,8.628531378019476,0.0,0.0,False
2019-02-15,8.693689424023018,0.0,8.693689424023018,0.0,0.0,False
2019-02-19,8.709806335738719,0.0,8.709806335738719,0.0,0.0,False
2019-02-20,8.71782457343206,0.0,8.71782457343206,0.0,0.0,False
2019-02-21,8.686382654648547,0.0,8.686382654648547,0.0,0.0,False
2019-02-22,8.745451122404994,0.0,8.745451122404994,0.0,0.0,False
2019-02-25,8.767336383783288,0.0,8.767336383783288,0.0,0.0,False
2019-02-26,8.768748147578481,0.0,8.768748147578481,0.0,0.0,False
2019-02-27,8.76408674993383,0.0,8.76408674993383,0.0,0.0,False
2019-02-28,8.745828938511325,0.0,8.745828938511325,0.0,0.0,False
2019-03-01,8.803430719285506,0.0,8.803430719285506,0.0,0.0,False
2019-03-04,8.788178699231514,0.0,8.788178699231514,0.0,0.0,False
2019-03-05,8.78547607919879,0.0,8.78547607919879,0.0,0.0,False
2019-03-06,8.733954676595195,0.0,8.733954676595195,0.0,0.0,False
2019-03-07,8.64382970515774,0.0,8.64382970515774,0.0,0.0,False
2019-03-08,8.628630632574573,0.0,8.628630632574573,0.0,0.0,False
2019-03-11,8.78092272648748,0.0,8.78092272648748,0.0,0.0,False
2019-03-12,8.821601474939266,0.0,8.821601474939266,0.0,0.0,False
2019-03-13,8.883935854417397,0.0,8.883935854417397,0.0,0.0,False
2019-03-14,8.873568338093195,0.0,8.873568338093195,0.0,0.0,False
2019-03-15,8.936663214254397,0.0,8.936663214254397,0.0,0.0,False
2019-03-18,8.963506496188309,0.0,8.963506496188309,0.0,0.0,False
2019-03-19,8.979688783502695,0.0,8.979688783502695,0.0,0.0,False
2019-03-20,8.98397672558512,0.0,8.98397672558512,0.0,0.0,False
2019-03-21,9.104930725890025,0.0,9.104930725890025,0.0,0.0,False
2019-03-22,8.917321814724392,0.0,8.917321814724392,0.0,0.0,False
2019-03-25,8.905479012968982,0.0,8.905479012968982,0.0,0.0,False
2019-03-26,8.959407288660467,0.0,8.959407288660467,0.0,0.0,False
2019-03-27,8.907208985765244,0.0,8.907208985765244,0.0,0.0,False
2019-03-28,8.934356911290775,0.0,8.934356911290775,0.0,0.0,False
2019-03-29,8.996345339330732,0.0,8.996345339330732,0.0,0.0,False
2019-04-01,9.109276689781487,0.0,9.109276689781487,0.0,0.0,False
2019-04-02,9.128771484387038,0.0,9.128771484387038,0.0,0.0,False
2019-04-03,9.162183857993652,0.0,9.162183857993652,0.0,0.0,False
2019-04-04,9.17259327780291,0.0,9.17259327780291,0.0,0.0,False
2019-04-05,9.218509937699201,0.0,9.218509937699201,0.0,0.0,False
2019-04-08,9.23375499808368,0.0,9.23375499808368,0.0,0.0,False
2019-04-09,9.193884648588364,0.0,9.193884648588364,0.0,0.0,False
2019-04-10,9.23423310814972,0.0,9.23423310814972,0.0,0.0,False
2019-04-11,9.221998247336073,0.0,9.221998247336073,0.0,0.0,False
2019-04-12,9.273132225122504,0.0,9.273132225122504,0.0,0.0,False
2019-04-15,9.270844855687628,0.0,9.270844855687628,0.0,0.0,False
2019-04-16,9.289843210614306,0.0,9.289843210614306,0.0,0.0,False
2019-04-17,9.294666707591265,0.0,9.294666707591265,0.0,0.0,False
2019-04-18,9.30977846186361,0.0,9.30977846186361,0.0,0.0,False
2019-04-22,9.326956453596488,0.0,9.326956453596488,0.0,0.0,False
2019-04-23,9.428198301238545,0.0,9.428198301238545,0.0,0.0,False
2019-04-24,9.402876593266877,0.0,9.402876593266877,0.0,0.0,False
2019-04-25,9.419060621247198,0.0,9.419060621247198,0.0,0.0,False
2019-04-26,9.445194738941755,0.0,9.445194738941755,0.0,0.0,False
2019-04-29,9.461763481630529,0.0,9.461763481630529,0.0,0.0,False
2019-04-30,9.427524672988662,0.0,9.427524672988662,0.0,0.0,False
2019-05-01,9.376924148292407,0.0,9.376924148292407,0.0,0.0,False
2019-05-02,9.346451733112067,0.0,9.346451733112067,0.0,0.0,False
2019-05-03,9.466721757881025,0.0,9.466721757881025,0.0,0.0,False
2019-05-06,9.418264573832277,0.0,9.418264573832277,0.0,0.0,False
2019-05-07,9.247891646592322,0.0,9.247891646592322,0.0,0.0,False
2019-05-08,9.229797437352408,0.0,9.229797437352408,0.0,0.0,False
2019-05-09,9.190993653475926,0.0,9.190993653475926,0.0,0.0,False
2019-05-10,9.219799437770241,0.0,9.219799437770241,0.0,0.0,False
2019-05-13,8.943974713346211,0.0,8.943974713346211,0.0,0.0,False
2019-05-14,9.03349938362847,0.0,9.03349938362847,0.0,0.0,False
2019-05-15,9.123754096263594,0.0,9.123754096263594,0.0,0.0,False
2019-05-16,9.211846802516968,0.0,9.211846802516968,0.0,0.0,False
2019-05-17,9.134996115714143,0.0,9.134996115714143,0.0,0.0,False
2019-05-20,9.027689559490238,0.0,9.027689559490238,0.0,0.0,False
2019-05-21,9.115543311379408,0.0,9.115543311379408,0.0,0.0,False
2019-05-22,9.081240360112975,0.0,9.081240360112975,0.0,0.0,False
2019-05-23,8.956277918001406,0.0,8.956277918001406,0.0,0.0,False
2019-05-24,8.964173605969892,0.0,8.964173605969892,0.0,0.0,False
2019-05-28,8.905632790136892,0.0,8.905632790136892,0.0,0.0,False
2019-05-29,8.839124313293528,0.0,8.839124313293528,0.0,0.0,False
2019-05-30,8.869773611645861,0.0,8.869773611645861,0.0,0.0,False
2019-05-31,8.739263709159877,0.0,8.739263709159877,0.0,0.0,False
2019-06-03,8.631943092031063,0.0,8.631943092031063,0.0,0.0,False
2019-06-04,8.847149596188649,0.0,8.847149596188649,0.0,0.0,False
2019-06-05,8.91834689075522,0.0,8.91834689075522,0.0,0.0,False
2019-06-06,8.982769112352797,0.0,8.982769112352797,0.0,0.0,False
2019-06-07,9.114452153524246,0.0,9.114452153524246,0.0,0.0,False
2019-06-10,9.188479263051258,0.0,9.188479263051258,0.0,0.0,False
2019-06-11,9.193636965399415,0.0,9.193636965399415,0.0,0.0,False
2019-06-12,9.158955069817955,0.0,9.158955069817955,0.0,0.0,False
2019-06-13,9.204975344286973,0.0,9.204975344286973,0.0,0.0,False
2019-06-14,9.180318866375542,0.0,9.180318866375542,0.0,0.0,False
2019-06-17,9.209710069870908,0.0,9.209710069870908,0.0,0.0,False
2019-06-18,9.324839267346006,0.0,9.324839267346006,0.0,0.0,False
2019-06-19,9.352873424456234,0.0,9.352873424456234,0.0,0.0,False
2019-06-20,9.441040070032306,0.0,9.441040070032306,0.0,0.0,False
2019-06-21,9.427179245023664,0.0,9.427179245023664,0.0,0.0,False
2019-06-24,9.42155950574834,0.0,9.42155950574834,0.0,0.0,False
2019-06-25,9.294489694662792,0.0,9.294489694662792,0.0,0.0,False
2019-06-26,9.31146617362928,0.0,9.31146617362928,0.0,0.0,False
2019-06-27,9.34576755911986,0.0,9.34576755911986,0.0,0.0,False
2019-06-28,9.375826262242857,0.0,9.375826262242857,0.0,0.0,False
2019-07-01,9.481646920953075,0.0,9.481646920953075,0.0,0.0,False
2019-07-02,9.512780724285662,0.0,9.512780724285662,0.0,0.0,False
2019-07-03,9.58660587010865,0.0,9.58660587010865,0.0,0.0,False
2019-07-05,9.571384848707309,0.0,9.571384848707309,0.0,0.0,False
2019-07-08,9.511522890978164,0.0,9.511522890978164,0.0,0.0,False
2019-07-09,9.541266663313298,0.0,9.541266663313298,0.0,0.0,False
2019-07-10,9.611603123064597,0.0,9.611603123064597,0.0,0.0,False
2019-07-11,9.619375351030545,0.0,9.619375351030545,0.0,0.0,False
2019-07-12,9.668653577835641,0.0,9.668653577835641,0.0,0.0,False
2019-07-15,9.685747638861368,0.0,9.685747638861368,0.0,0.0,False
2019-07-16,9.645184740920744,0.0,9.645184740920744,0.0,0.0,False
2019-07-17,9.588646025338058,0.0,9.588646025338058,0.0,0.0,False
2019-07-18,9.611686297971824,0.0,9.611686297971824,0.0,0.0,False
2019-07-19,9.549774487233366,0.0,9.549774487233366,0.0,0.0,False
2019-07-22,9.599500692299284,0.0,9.599500692299284,0.0,0.0,False
2019-07-23,9.665229128339837,0.0,9.665229128339837,0.0,0.0,False
2019-07-24,9.721856412468481,0.0,9.721856412468481,0.0,0.0,False
2019-07-25,9.652555323785407,0.0,9.652555323785407,0.0,0.0,False
2019-07-26,9.7345765176802,0.0,9.7345765176802,0.0,0.0,False
2019-07-29,9.709015315453417,0.0,9.709015315453417,0.0,0.0,False
2019-07-30,9.676144204754918,0.0,9.676144204754918,0.0,0.0,False
2019-07-31,9.556303117281459,0.0,9.556303117281459,0.0,0.0,False
2019-08-01,9.49094171906194,0.0,9.49094171906194,0.0,0.0,False
2019-08-02,9.385332773111099,0.0,9.385332773111099,0.0,0.0,False
2019-08-05,9.07839618163926,0.0,9.07839618163926,0.0,0.0,False
2019-08-06,9.205591051288492,0.0,9.205591051288492,0.0,0.0,False
2019-08-07,9.233175167200336,0.0,9.233175167200336,0.0,0.0,False
2019-08-08,9.4242282748547,0.0,9.4242282748547,0.0,0.0,False
2019-08-09,9.347827714808552,0.0,9.347827714808552,0.0,0.0,False
2019-08-12,9.237297455944253,0.0,9.237297455944253,0.0,0.0,False
2019-08-13,9.410342044617181,0.0,9.410342044617181,0.0,0.0,False
2019-08-14,9.130607769879429,0.0,9.130607769879429,0.0,0.0,False
2019-08-15,9.137422947631983,0.0,9.137422947631983,0.0,0.0,False
2019-08-16,9.278164303566605,0.0,9.278164303566605,0.0,0.0,False
2019-08-19,9.407839491565644,0.0,9.407839491565644,0.0,0.0,False
2019-08-20,9.335347231739675,0.0,9.335347231739675,0.0,0.0,False
2019-08-21,9.414760642121506,0.0,9.414760642121506,0.0,0.0,False
2019-08-22,9.398089869888537,0.0,9.398089869888537,0.0,0.0,False
2019-08-23,9.128680046194981,0.0,9.128680046194981,0.0,0.0,False
2019-08-26,9.248093430133608,0.0,9.248093430133608,0.0,0.0,False
2019-08-27,9.22019164567165,0.0,9.22019164567165,0.0,0.0,False
2019-08-28,9.269155708060287,0.0,9.269155708060287,0.0,0.0,False
2019-08-29,9.399213130890946,0.0,9.399213130890946,0.0,0.0,False
2019-08-30,9.38587150135162,0.0,9.38587150135162,0.0,0.0,False
2019-09-03,9.312869842409023,0.0,9.312869842409023,0.0,0.0,False
2019-09-04,9.432942501229777,0.0,9.432942501229777,0.0,0.0,False
2019-09-05,9.579975806759057,0.0,9.579975806759057,0.0,0.0,False
2019-09-06,9.578928929730333,0.0,9.578928929730333,0.0,0.0,False
2019-09-09,9.571338624468076,0.0,9.571338624468076,0.0,0.0,False
2019-09-10,9.556446388936301,0.0,9.556446388936301,0.0,0.0,False
2019-09-11,9.63529153552976,0.0,9.63529153552976,0.0,0.0,False
2019-09-12,9.672005598860597,0.0,9.672005598860597,0.0,0.0,False
2019-09-13,9.651528104943557,0.0,9.651528104943557,0.0,0.0,False
2019-09-16,9.615066583936809,0.0,9.615066583936809,0.0,0.0,False
2019-09-17,9.650315901803529,0.0,9.650315901803529,0.0,0.0,False
2019-09-18,9.65119845012707,0.0,9.65119845012707,0.0,0.0,False
2019-09-19,9.658896147430143,0.0,9.658896147430143,0.0,0.0,False
2019-09-20,9.584989978097871,0.0,9.584989978097871,0.0,0.0,False
2019-09-23,9.585979141909272,0.0,9.585979141909272,0.0,0.0,False
2019-09-24,9.484713734505101,0.0,9.484713734505101,0.0,0.0,False
2019-09-25,9.56599807908553,0.0,9.56599807908553,0.0,0.0,False
2019-09-26,9.53841817931304,0.0,9.53841817931304,0.0,0.0,False
2019-09-27,9.45354648774706,0.0,9.45354648774706,0.0,0.0,False
2019-09-30,9.52045499769517,0.0,9.52045499769517,0.0,0.0,False
2019-10-01,9.425004662697978,0.0,9.425004662697978,0.0,0.0,False
2019-10-02,9.260731573053013,0.0,9.260731573053013,0.0,0.0,False
2019-10-03,9.349487442897729,0.0,9.349487442897729,0.0,0.0,False
2019-10-04,9.481586547600973,0.0,9.481586547600973,0.0,0.0,False
2019-10-07,9.44681933894222,0.0,9.44681933894222,0.0,0.0,False
2019-10-08,9.302729553285083,0.0,9.302729553285083,0.0,0.0,False
2019-10-09,9.39230454191653,0.0,9.39230454191653,0.0,0.0,False
2019-10-10,9.460434708629414,0.0,9.460434708629414,0.0,0.0,False
2019-10-11,9.570393461800533,0.0,9.570393461800533,0.0,0.0,False
2019-10-14,9.564563033690353,0.0,9.564563033690353,0.0,0.0,False
2019-10-15,9.672725691112628,0.0,9.672725691112628,0.0,0.0,False
2019-10-16,9.652961548300233,0.0,9.652961548300233,0.0,0.0,False
2019-10-17,9.679945139011725,0.0,9.679945139011725,0.0,0.0,False
2019-10-18,9.612249093167874,0.0,9.612249093167874,0.0,0.0,False
2019-10-21,9.6874544197056,0.0,9.6874544197056,0.0,0.0,False
2019-10-22,9.63305748466933,0.0,9.63305748466933,0.0,0.0,False
2019-10-23,9.656361093452322,0.0,9.656361093452322,0.0,0.0,False
2019-10-24,9.71122151572334,0.0,9.71122151572334,0.0,0.0,False
2019-10-25,9.769882152893404,0.0,9.769882152893404,0.0,0.0,False
2019-10-28,9.845606613743547,0.0,9.845606613743547,0.0,0.0,False
2019-10-29,9.80602288929463,0.0,9.80602288929463,0.0,0.0,False
2019-10-30,9.844819616142946,0.0,9.844819616142946,0.0,0.0,False
2019-10-31,9.833960047475767,0.0,9.833960047475767,0.0,0.0,False
2019-11-01,9.924168265182423,0.0,9.924168265182423,0.0,0.0,False
2019-11-04,9.974796230634494,0.0,9.974796230634494,0.0,0.0,False
2019-11-05,9.972020493003711,0.0,9.972020493003711,0.0,0.0,False
2019-11-06,9.961950237377758,0.0,9.961950237377758,0.0,0.0,False
2019-11-07,9.996174540074565,0.0,9.996174540074565,0.0,0.0,False
2019-11-08,10.028449983408574,0.0,10.028449983408574,0.0,0.0,False
2019-11-11,10.012144374038252,0.0,10.012144374038252,0.0,0.0,False
2019-11-12,10.037147558070085,0.0,10.037147558070085,0.0,0.0,False
2019-11-13,10.040017366954565,0.0,10.040017366954565,0.0,0.0,False
2019-11-14,10.04333919136445,0.0,10.04333919136445,0.0,0.0,False
2019-11-15,10.116574059477283,0.0,10.116574059477283,0.0,0.0,False
2019-11-18,10.12429419865639,0.0,10.12429419865639,0.0,0.0,False
2019-11-19,10.130312097458619,0.0,10.130312097458619,0.0,0.0,False
2019-11-20,10.081093403175009,0.0,10.081093403175009,0.0,0.0,False
2019-11-21,10.061760947273838,0.0,10.061760947273838,0.0,0.0,False
2019-11-22,10.076190952524595,0.0,10.076190952524595,0.0,0.0,False
2019-11-25,10.174896986179077,0.0,10.174896986179077,0.0,0.0,False
2019-11-26,10.196139474523424,0.0,10.196139474523424,0.0,0.0,False
2019-11-27,10.254494657177494,0.0,10.254494657177494,0.0,0.0,False
2019-11-29,10.21208813372368,0.0,10.21208813372368,0.0,0.0,False
2019-12-02,10.11643212347363,0.0,10.11643212347363,0.0,0.0,False
2019-12-03,10.042890022261636,0.0,10.042890022261636,0.0,0.0,False
2019-12-04,10.099302269163225,0.0,10.099302269163225,0.0,0.0,False
2019-12-05,10.118362149385604,0.0,10.118362149385604,0.0,0.0,False
2019-12-06,10.218698555127457,0.0,10.218698555127457,0.0,0.0,False
2019-12-09,10.179456236896433,0.0,10.179456236896433,0.0,0.0,False
2019-12-10,10.169539991683996,0.0,10.169539991683996,0.0,0.0,False
2019-12-11,10.210906277300722,0.0,10.210906277300722,0.0,0.0,False
2019-12-12,10.293018074396418,0.0,10.293018074396418,0.0,0.0,False
2019-12-13,10.313047149610288,0.0,10.313047149610288,0.0,0.0,False
2019-12-16,10.40024112257461,0.0,10.40024112257461,0.0,0.0,False
2019-12-17,10.404360249307729,0.0,10.404360249307729,0.0,0.0,False
2019-12-18,10.4086610524821,0.0,10.4086610524821,0.0,0.0,False
2019-12-19,10.46252989014764,0.0,10.46252989014764,0.0,0.0,False
2019-12-20,10.506551628609852,0.0,10.506551628609852,0.0,0.0,False
2019-12-23,10.52845258207775,0.0,10.52845258207775,0.0,0.0,False
2019-12-24,10.53135067255415,0.0,10.53135067255415,0.0,0.0,False
2019-12-26,10.605845448248846,0.0,10.605845448248846,0.0,0.0,False
2019-12-27,10.600067311119032,0.0,10.600067311119032,0.0,0.0,False
2019-12-30,10.53611144222063,0.0,10.53611144222063,0.0,0.0,False
2019-12-31,10.558838593941623,0.0,10.558838593941623,0.0,0.0,False
2020-01-02,10.696362761620465,0.0,10.696362761620465,0.0,0.0,False
2020-01-03,10.60687557367292,0.0,10.60687557367292,0.0,0.0,False
2020-01-06,10.661280508517503,0.0,10.661280508517503,0.0,0.0,False
2020-01-07,10.645549736406716,0.0,10.645549736406716,0.0,0.0,False
2020-01-08,10.713927941987407,0.0,10.713927941987407,0.0,0.0,False
2020-01-09,10.795642565098836,0.0,10.795642565098836,0.0,0.0,False
2020-01-10,10.766304105709866,0.0,10.766304105709866,0.0,0.0,False
2020-01-13,10.865431417524471,0.0,10.865431417524471,0.0,0.0,False
2020-01-14,10.835756549839992,0.0,10.835756549839992,0.0,0.0,False
2020-01-15,10.85021572421905,0.0,10.85021572421905,0.0,0.0,False
2020-01-16,10.947337019650101,0.0,10.947337019650101,0.0,0.0,False
2020-01-17,10.991460281699217,0.0,10.991460281699217,0.0,0.0,False
2020-01-21,10.978239136553613,0.0,10.978239136553613,0.0,0.0,False
2020-01-22,10.993405486518915,0.0,10.993405486518915,0.0,0.0,False
2020-01-23,11.017389339192244,0.0,11.017389339192244,0.0,0.0,False
2020-01-24,10.922042616131918,0.0,10.922042616131918,0.0,0.0,False
2020-01-27,10.721704105971009,0.0,10.721704105971009,0.0,0.0,False
2020-01-28,10.860224270898742,0.0,10.860224270898742,0.0,0.0,False
2020-01-29,10.86456488801837,0.0,10.86456488801837,0.0,0.0,False
2020-01-30,10.901543475890646,0.0,10.901543475890646,0.0,0.0,False
2020-01-31,10.71612932145754,0.0,10.71612932145754,0.0,0.0,False
2020-02-03,10.836888538938314,0.0,10.836888538938314,0.0,0.0,False
2020-02-04,11.043494672474766,0.0,11.043494672474766,0.0,0.0,False
2020-02-05,11.125465798151787,0.0,11.125465798151787,0.0,0.0,False
2020-02-06,11.192200297340003,0.0,11.192200297340003,0.0,0.0,False
2020-02-07,11.1383077032894,0.0,11.1383077032894,0.0,0.0,False
2020-02-10,11.247189866595564,0.0,11.247189866595564,0.0,0.0,False
2020-02-11,11.257904667805247,0.0,11.257904667805247,0.0,0.0,False
2020-02-12,11.349003484316684,0.0,11.349003484316684,0.0,0.0,False
2020-02-13,11.335682481262603,0.0,11.335682481262603,0.0,0.0,False
2020-02-14,11.360994998955773,0.0,11.360994998955773,0.0,0.0,False
2020-02-18,11.348533555246012,0.0,11.348533555246012,0.0,0.0,False
2020-02-19,11.43005456576855,0.0,11.43005456576855,0.0,0.0,False
2020-02-20,11.35352054847634,0.0,11.35352054847634,0.0,0.0,False
2020-02-21,11.186009704073673,0.0,11.186009704073673,0.0,0.0,False
2020-02-24,10.784829703046894,0.0,10.784829703046894,0.0,0.0,False
2020-02-25,10.474799043148229,0.0,10.474799043148229,0.0,0.0,False
2020-02-26,10.482529229551462,0.0,10.482529229551462,0.0,0.0,False
2020-02-27,9.98468458491009,0.0,9.98468458491009,0.0,0.0,False
2020-02-28,9.967594336078792,0.0,9.967594336078792,0.0,0.0,False
2020-03-02,10.440605552512045,0.0,10.440605552512045,0.0,0.0,False
2020-03-03,10.123734352517928,0.0,10.123734352517928,0.0,0.0,False
2020-03-04,10.547691975365005,0.0,10.547691975365005,0.0,0.0,False
2020-03-05,10.212150186254506,0.0,10.212150186254506,0.0,0.0,False
2020-03-06,10.04159280623044,0.0,10.04159280623044,0.0,0.0,False
2020-03-09,9.300727939865618,0.0,9.300727939865618,0.0,0.0,False
2020-03-10,9.794575083106272,0.0,9.794575083106272,0.0,0.0,False
2020-03-11,9.342537688798508,0.0,9.342537688798508,0.0,0.0,False
2020-03-12,8.467290332108428,0.0,8.467290332108428,0.0,0.0,False
2020-03-13,9.187820228415402,0.0,9.187820228415402,0.0,0.0,False
2020-03-16,8.134843491994998,0.0,8.134843491994998,0.0,0.0,False
2020-03-17,8.662933129358208,0.0,8.662933129358208,0.0,0.0,False
2020-03-18,8.311872310434277,0.0,8.311872310434277,0.0,0.0,False
2020-03-19,8.345646691216194,0.0,8.345646691216194,0.0,0.0,False
2020-03-20,8.002348626141588,0.0,8.002348626141588,0.0,0.0,False
2020-03-23,7.902935575073016,0.0,7.902935575073016,0.0,0.0,False
2020-03-24,8.566942707568344,0.0,8.566942707568344,0.0,0.0,False
2020-03-25,8.599347692119746,0.0,8.599347692119746,0.0,0.0,False
2020-03-26,9.076826759125987,0.0,9.076826759125987,0.0,0.0,False
2020-03-27,8.785559635786697,0.0,8.785559635786697,0.0,0.0,False
2020-03-30,9.087998164378321,0.0,9.087998164378321,0.0,0.0,False
2020-03-31,8.981463113153056,0.0,8.981463113153056,0.0,0.0,False
2020-04-01,8.588549069623172,0.0,8.588549069623172,0.0,0.0,False
2020-04-02,8.774793318887085,0.0,8.774793318887085,0.0,0.0,False
2020-04-03,8.649108341100574,0.0,8.649108341100574,0.0,0.0,False
2020-04-06,9.248754833863835,0.0,9.248754833863835,0.0,0.0,False
2020-04-07,9.251586214250294,0.0,9.251586214250294,0.0,0.0,False
2020-04-08,9.505084222454464,0.0,9.505084222454464,0.0,0.0,False
2020-04-09,9.584274997200414,0.0,9.584274997200414,0.0,0.0,False
2020-04-13,9.59229577035376,0.0,9.59229577035376,0.0,0.0,False
2020-04-14,9.94233745309914,0.0,9.94233745309914,0.0,0.0,False
2020-04-15,9.779690984352245,0.0,9.779690984352245,0.0,0.0,False
2020-04-16,9.892470321819342,0.0,9.892470321819342,0.0,0.0,False
2020-04-17,10.073412639160347,0.0,10.073412639160347,0.0,0.0,False
2020-04-20,9.925018204892808,0.0,9.925018204892808,0.0,0.0,False
2020-04-21,9.591228471129284,0.0,9.591228471129284,0.0,0.0,False
2020-04-22,9.839970367807169,0.0,9.839970367807169,0.0,0.0,False
2020-04-23,9.82912324165618,0.0,9.82912324165618,0.0,0.0,False
2020-04-24,9.975131489360908,0.0,9.975131489360908,0.0,0.0,False
2020-04-27,10.087161993907925,0.0,10.087161993907925,0.0,0.0,False
2020-04-28,9.968975651662308,0.0,9.968975651662308,0.0,0.0,False
2020-04-29,10.276217499275383,0.0,10.276217499275383,0.0,0.0,False
2020-04-30,10.226264807695072,0.0,10.226264807695072,0.0,0.0,False
2020-05-01,9.94678901753921,0.0,9.94678901753921,0.0,0.0,False
2020-05-04,10.018483063180943,0.0,10.018483063180943,0.0,0.0,False
2020-05-05,10.121554866342443,0.0,10.121554866342443,0.0,0.0,False
2020-05-06,10.118407279819477,0.0,10.118407279819477,0.0,0.0,False
2020-05-07,10.244601102392837,0.0,10.244601102392837,0.0,0.0,False
2020-05-08,10.399555486455714,0.0,10.399555486455714,0.0,0.0,False
2020-05-11,10.44604571271298,0.05247906281632244,8.880037843087148,1.0178091804861906,0.5481986891396402,True
2020-05-12,10.23147059826799,0.1498211247674714,8.698580165210165,0.0,1.5328904330578237,True
2020-05-13,10.042063539927558,0.1468663099936833,8.567222723096291,0.0,1.4748408168312654,True
2020-05-14,10.19086313273473,0.1495209235461005,8.667115865396326,0.0,1.5237472673384038,True
2020-05-15,10.265071081497688,0.15098788431904,8.715169716517792,0.0,1.5499013649798956,True
2020-05-18,10.568726095916618,0.15514015912609974,8.929092247635952,0.0,1.6396338482806672,True
2020-05-19,10.499132697756325,0.15497353883211373,8.87204494891707,0.0,1.6270877488392548,True
2020-05-20,10.758332078083766,0.16009439468619074,9.035983416209918,0.0,1.722348661873849,True
2020-05-21,10.62498896581859,0.15712041558615766,8.955586283910833,0.0,1.6694026819077563,True
2020-05-22,10.664046970437944,0.15796066209678608,8.979547050356341,0.0,1.6844999200816033,True
2020-05-26,10.700225899800126,0.15677077994715014,9.022743139877763,0.0,1.677482759922362,True
2020-05-27,10.815572344830024,0.15728110866885472,9.114487135546954,0.0,1.7010852092830708,True
2020-05-28,10.790384099209769,0.15664324976166638,9.100143267732939,0.0,1.6902408314768294,True
2020-05-29,10.947074595911436,0.16077221509117762,9.187089164358397,0.0,1.7599854315530397,True
2020-06-01,11.001109440938157,0.16195406168625795,9.219435083923184,0.0,1.781674357014973,True
2020-06-02,11.105707460443819,0.16362617583873998,9.288523018707632,0.0,1.8171844417361867,True
2020-06-03,11.213073036384962,0.16425916185733794,9.371223057583252,0.0,1.8418499788017093,True
2020-06-04,11.130480778480443,0.1621157617620956,9.326054408298724,0.0,1.80442637018172,True
2020-06-05,11.449403479779384,0.16694163155243674,9.538021382562867,0.0,1.9113820972165172,True
2020-06-08,11.58658333244967,0.16863549125611146,9.632674160202148,0.0,1.9539091722475233,True
2020-06-09,11.629153725108477,0.1717665551509088,9.631654050426235,0.0,1.9974996746822418,True
2020-06-10,11.732164010229297,0.17640248892062968,9.662581078399814,0.0,2.069582931829484,True
2020-06-11,10.909551842380173,0.161773502871737,9.144675426077521,0.0,1.7648764163026527,True
2020-06-12,11.03892321283417,0.16334477795988375,9.235772751717567,0.0,1.803150461116604,True
2020-06-15,11.201796670701366,0.16664542503798233,9.335068503323281,0.0,1.8667281673780847,True
2020-06-16,11.470455672697383,0.17134377403729104,9.50506450780996,0.0,1.9653911648874236,True
2020-06-17,11.484919307326889,0.17279430171111243,9.500390695408866,0.0,1.984528611918023,True
2020-06-18,11.514928465129257,0.17367356449571514,9.515089793677085,0.0,1.9998386714521723,True
2020-06-19,11.48419494864545,0.1738976080510711,9.487120916683814,0.0,1.9970740319616371,True
2020-06-22,11.642534740489863,0.1776326854117163,9.574440029537449,0.0,2.068094710952414,True
2020-06-23,11.75932542385177,0.18046136763665432,9.637221475379,0.0,2.12210394847277,True
2020-06-24,11.41204255147482,0.17499707199247588,9.414968519513183,0.0,1.9970740319616371,True
2020-06-25,11.56026832248909,0.1773332992183247,9.510247801013012,0.0,2.0500205214760783,True
2020-06-26,11.187675873767136,0.17006784217634244,9.285011978947232,0.0,1.9026638948199033,True
2020-06-29,11.367358084022003,0.17272944659842018,9.403880612882805,0.0,1.9634774711391987,True
2020-06-30,11.632663350647354,0.17849627709405197,9.55627624986838,0.0,2.076387100778973,True
2020-07-01,11.796112936576876,0.18231404314685004,9.645515893692684,0.0,2.1505970428841925,True
2020-07-02,11.901118522517127,0.18454681774016668,9.704804971638037,0.0,2.19631355087909,True
2020-07-06,12.25671126065765,0.19236024559649229,9.899007272352252,0.0,2.357703988305398,True
2020-07-07,12.12521123222686,0.19062344412068855,9.813861706448918,0.0,2.311349525777942,True
2020-07-08,12.316256846786162,0.19488317457525067,9.916025613600308,0.0,2.400231233185854,True
2020-07-09,12.389759506781843,0.19856675764889045,9.929565133470657,0.0,2.460194373311187,True
2020-07-10,12.52644527956658,0.20055892717862833,10.014154852934913,0.0,2.5122904266316666,True
2020-07-13,12.224866704722283,0.19280918150303342,9.867800161401094,0.0,2.3570665433211886,True
2020-07-14,12.373695113822352,0.19452843712756038,9.96665954183756,0.0,2.4070355719847925,True
2020-07-15,12.44153192282296,0.19442488209650421,10.022588545628214,0.0,2.4189433771947475,True
2020-07-16,12.338954331105404,0.19183637864003367,9.971894016021384,0.0,2.3670603150840197,True
2020-07-17,12.370240347853791,0.19224503950836427,9.992123003452678,0.0,2.378117344401114,True
2020-07-20,12.754788016696574,0.2023198106392996,10.174241720414116,0.0,2.5805462962824586,True
2020-07-21,12.63009732071223,0.19778499967729166,10.132053526211,0.0,2.4980437945012306,True
2020-07-22,12.705699783094403,0.19888414137540172,10.178737591160044,0.0,2.5269621919343583,True
2020-07-23,12.314073202206881,0.1891330516019451,9.985074959823757,0.0,2.3289982423831233,True
2020-07-24,12.16561869947974,0.18577799487065758,9.905514451129417,0.0,2.260104248350323,True
2020-07-27,12.411525382373695,0.19187968644913206,10.030005783648386,0.0,2.3815195987253084,True
2020-07-28,12.226383640059023,0.1874634261782681,9.934383873123632,0.0,2.2919997669353895,True
2020-07-29,12.42276069786964,0.19078182252146603,10.05272377118203,0.0,2.370036926687609,True
2020-07-30,12.469629641030995,0.19315122996797146,10.061105338620784,0.0,2.408524302410211,True
2020-07-31,12.729074133355624,0.19942096007772073,10.190629948781364,0.0,2.5384441845742596,True
2020-08-03,12.927945156956167,0.2036725705830608,10.294877334482074,0.0,2.6330678224740938,True
2020-08-04,13.00116826382694,0.2051586268367864,10.333866435546199,0.0,2.6673018282807415,True
2020-08-05,13.067329107263465,0.20574714224316748,10.378763486693046,0.0,2.6885656205704187,True
2020-08-06,13.273664151947438,0.21030221474222424,10.482183183048424,0.0,2.791480968899014,True
2020-08-07,13.125711925387602,0.20572295659623305,10.425451660666429,0.0,2.700260264721172,True
2020-08-10,13.082658750057707,0.20362067028571287,10.41875900625171,0.0,2.663899743805997,True
2020-08-11,12.789801353810006,0.19646242505603495,10.277085963855534,0.0,2.5127153899544727,True
2020-08-12,13.17865690546056,0.20492872811450175,10.477971507567132,0.0,2.700685397893428,True
2020-08-13,13.200059404788883,0.20603013518083646,10.480449381225158,0.0,2.719610023563725,True
2020-08-14,13.186191596617999,0.20565018694290255,10.474448829708576,0.0,2.711742766909422,True
2020-08-17,13.353156209185224,0.2097827693518698,10.551894120034232,0.0,2.801262089150992,True
2020-08-18,13.497628779328139,0.21363405198872615,10.614075650960624,0.0,2.883553128367514,True
2020-08-19,13.383479995750655,0.21124579525491027,10.556276120770125,0.0,2.82720387498053,True
2020-08-20,13.589442771044077,0.21660309909965866,10.645927351798477,0.0,2.9435154192456,True
2020-08-21,13.70666657396701,0.2192340459278019,10.70169860477286,0.0,3.0049679691941504,True
2020-08-24,13.850006729365955,0.2209874427760799,10.789329159811874,0.0,3.0606775695540804,True
2020-08-25,13.98274724119267,0.22399916607152054,10.850623519776658,0.0,3.1321237214160123,True
2020-08-26,14.35342492981718,0.23218422265034486,11.020786120117497,0.0,3.3326388096996826,True
2020-08-27,14.31810484604801,0.23064816947212166,11.015660172997123,0.0,3.302444673050888,True
2020-08-28,14.432722879549571,0.23235234177609412,11.079245920280815,0.0,3.353476959268755,True
2020-08-31,14.534767047791957,0.23606077037004544,11.103678741341037,0.0,3.4310883064509206,True
2020-09-01,14.860137236070974,0.24288317844241133,11.250859872083627,0.0,3.6092773639873474,True
2020-09-02,15.09662438364044,0.245825173210941,11.385494079631513,0.0,3.7111303040089267,True
2020-09-03,14.042224381528019,0.22370145587620674,10.900958343639834,0.0,3.1412660378881845,True
2020-09-04,13.795595791841048,0.2183140071577013,10.783823993396307,0.0,3.0117717984447405,True
2020-09-08,12.963420222698675,0.19949019557635467,10.377344987134045,0.0,2.5860752355646297,True
2020-09-09,13.440509556873355,0.2089414524892774,10.632229967864221,0.0,2.8082795890091328,True
2020-09-10,13.079762375649196,0.20228390306279473,10.433936991168984,0.0,2.6458253844802115,True
2020-09-11,12.988377294567767,0.19925415018148587,10.40038921450216,0.0,2.587988080065607,True
2020-09-14,13.280754566877608,0.20490637199467088,10.55944333122706,0.0,2.721311235650547,True
2020-09-15,13.497936976134037,0.2101791681275506,10.66095181105208,0.0,2.8369851650819577,True
2020-09-16,13.255481323629521,0.2037410284814875,10.554795925736093,0.0,2.700685397893428,True
2020-09-17,13.002227435394673,0.19814249430836472,10.42593365978092,0.0,2.5762937756137525,True
2020-09-18,12.776169404715244,0.19385938487919224,10.29938906280479,0.0,2.476780341910453,True
2020-09-21,12.760548572507394,0.19639624881921466,10.254424699991558,0.0,2.5061238725158366,True
2020-09-22,13.044960820708452,0.2026116667473812,10.401899566170426,0.0,2.643061254538025,True
2020-09-23,12.520794194431087,0.19154677187760066,10.12247648514401,0.0,2.398317709287078,True
2020-09-24,12.592935604815956,0.19323550897905992,10.159533283678819,0.0,2.433402321137137,True
2020-09-25,12.963690373316863,0.20086381184646623,10.3597541093351,0.0,2.603936263981764,True
2020-09-28,13.311681911237184,0.2072097199542664,10.553372030289454,0.0,2.7583098809477304,True
2020-09-29,13.230229983242726,0.20629963778566748,10.500838329878674,0.0,2.729391653364052,True
2020-09-30,13.360008696930333,0.20833822898820703,10.576608145744824,0.0,2.783400551185509,True
2020-10-01,13.608243433802004,0.21411626416691318,10.694497187882392,0.0,2.9137462459196115,True
2020-10-02,13.166772377103639,0.20304658848634388,10.493304164556516,0.0,2.6734682125471223,True
2020-10-05,13.540322730974461,0.20989813301436624,10.698234269330937,0.0,2.8420884616435242,True
2020-10-06,13.216141362211085,0.20349478816901717,10.526725475296153,0.0,2.6894158869149307,True
2020-10-07,13.540212764260355,0.20906747557835847,10.709394662842575,0.0,2.8308181014177793,True
2020-10-08,13.65784783842052,0.21031824372247268,10.785353268015147,0.0,2.8724945704053737,True
2020-10-09,13.916202664340021,0.21559681393874566,10.91591370778243,0.0,3.000288956557592,True
2020-10-12,14.452324534346618,0.2269612252141652,11.17220725083857,0.0,3.280117283508048,True
2020-10-13,14.41610433172086,0.22756098670916403,11.135561405492206,0.0,3.2805429262286525,True
2020-10-14,14.253600929357816,0.2244716146488953,11.054072114183873,0.0,3.199528815173944,True
2020-10-15,14.143549783371707,0.22154265926684155,11.010150152890578,0.0,3.133399630481129,True
2020-10-16,14.061994231391205,0.2194101160367321,10.976650445373803,0.0,3.085343786017402,True
2020-10-19,13.735643954301512,0.21346165250869376,10.803610697545263,0.0,2.9320332567562497,True
2020-10-20,13.787817061056224,0.21402642564527097,10.836859858027475,0.0,2.9509572030287483,True
2020-10-21,13.765716032694408,0.21381399708843515,10.82241326495966,0.0,2.9433027677347474,True
2020-10-22,13.796694771530168,0.21344182188376512,10.851903103520552,0.0,2.9447916680096156,True
2020-10-23,13.843032448777096,0.2139714988862111,10.881018046581804,0.0,2.9620144021952926,True
2020-10-26,13.52588203358441,0.20900602835005025,10.698891149813631,0.0,2.8269908837707782,True
2020-10-27,13.615978526475107,0.2125266544059529,10.722220163780056,0.0,2.893758362695051,True
2020-10-28,12.884149876842201,0.198241992800857,10.329970329712088,0.0,2.554179547130114,True
2020-10-29,13.156883528389548,0.20400727368687557,10.472783589547037,0.0,2.6840999388425115,True
2020-10-30,12.782791387165748,0.19537250778617746,10.285385377347625,0.0,2.497406009818122,True
2020-11-02,12.852737555383516,0.19437542122037732,10.354481279220883,0.0,2.4982562761626337,True
2020-11-03,13.15936628995669,0.19939592223065258,10.535442312599814,0.0,2.6239239773568754,True
2020-11-04,13.866917270718389,0.21479904166830716,10.888316730074381,0.0,2.9786005406440075,True
2020-11-05,14.344886175100289,0.22366573426014164,11.136426675868329,0.0,3.2084594992319606,True
2020-11-06,14.358618725610398,0.22420710850442163,11.139314339023848,0.0,3.219304386586551,True
2020-11-09,14.118319669136067,0.21410678107273381,11.095491690621479,0.0,3.0228279785145875,True
2020-11-10,13.84770707263589,0.20651340783339941,10.987969894387184,0.0,2.859737178248705,True
2020-11-11,14.2036423273047,0.21487166080898198,11.151682110899984,0.0,3.051960216404715,True
2020-11-12,14.078724438214277,0.21360643358811812,11.071418321497443,0.0,3.0073061167168333,True
2020-11-13,14.282816826763307,0.21607740894491956,11.196622774401394,0.0,3.0861940523619134,True
2020-11-16,14.467397499986202,0.2182296132740012,11.310182938482962,0.0,3.1572145615032405,True
2020-11-17,14.38991500777071,0.21738025144836584,11.2618316650609,0.0,3.1280833427098105,True
2020-11-18,14.208022959795212,0.21505973084651867,11.152449366200496,0.0,3.055573593594716,True
2020-11-19,14.35083131280226,0.2181945691381737,11.21955785773076,0.0,3.1312734550715007,True
2020-11-20,14.210466818918432,0.21587576595492902,11.142771409807311,0.0,3.06769540911112,True
2020-11-23,14.24469213188121,0.21540180132638395,11.17635978733423,0.0,3.068332344546981,True
2020-11-24,14.538706888830722,0.21967480247733917,11.344919324750903,0.0,3.1937875640798192,True
2020-11-25,14.625005828019018,0.22249312062717386,11.371042642152462,0.0,3.253963185866556,True
2020-11-27,14.782108639779931,0.2261413093546702,11.439263236957116,0.0,3.3428454028228165,True
2020-11-30,14.785679033418647,0.22725157287750197,11.425610217012357,0.0,3.3600688164062906,True
2020-12-01,15.053427033782713,0.23198145413929347,11.561311140706048,0.0,3.4921158930766647,True
2020-12-02,15.08704897348348,0.23239463200926483,11.58089977918503,0.0,3.50614919429845,True
2020-12-03,15.107911481627852,0.2330167548378677,11.587514975801168,0.0,3.520396505826684,True
2020-12-04,15.224616285307428,0.23406573663737765,11.66105525946553,0.0,3.5635610258418993,True
2020-12-07,15.306037737495922,0.23676604230888088,11.682087758958636,0.0,3.623949978537287,True
2020-12-08,15.376073509339808,0.23784489289276592,11.718952952399585,0.0,3.657120556940222,True
2020-12-09,14.945898619300056,0.2283010508161884,11.533734259121633,0.0,3.4121643601784224,True
2020-12-10,15.009060478786155,0.23013123675584404,11.555006828259836,0.0,3.4540536505263186,True
2020-12-11,14.965252009413659,0.22918514264410855,11.535438592931158,0.0,3.4298134164825016,True
2020-12-14,15.054418013651086,0.23268647240027718,11.551458592015427,0.0,3.502959421635659,True
2020-12-15,15.303113308114831,0.23601924062094767,11.691284125997251,0.0,3.6118291821175807,True
2020-12-16,15.405039110745438,0.23839150424897657,11.732608664120518,0.0,3.6724304466249214,True
2020-12-17,15.551465200411773,0.24098715190426384,11.803761893826268,0.0,3.747703306585505,True
2020-12-18,15.469237755175726,0.23962895473318443,11.762360481383855,0.0,3.706877273791872,True
2020-12-21,15.423382264229318,0.23944527091494464,11.730326319546176,0.0,3.6930559446831412,True
2020-12-22,15.458577901241972,0.24078460043057537,11.7363903980665,0.0,3.7221875031754705,True
2020-12-23,15.378162676921049,0.238393385290221,11.712110416826112,0.0,3.666052260094936,True
2020-12-24,15.474416927690896,0.23998847903566337,11.760735145250635,0.0,3.713681782440261,True
2020-12-28,15.695624688198325,0.24370505139751736,11.87052166684481,0.0,3.8251030213535153,True
2020-12-29,15.700880417995283,0.24434121466437794,11.864508225362169,0.0,3.8363721926331134,True
2020-12-30,15.70890130324123,0.24417586588363271,11.873166725441775,0.0,3.835734577799454,True
2020-12-31,15.783649426757357,0.2449190487013041,11.917933024121062,0.0,3.865716402636296,True
2021-01-04,15.44933652343972,0.23927700809410501,11.752665503072082,0.0,3.696671020367638,True
2021-01-05,15.630964811251356,0.24242777020999418,11.841584865828807,0.0,3.789379945422549,True
2021-01-06,15.427631908517222,0.23546502100429584,11.79496423713167,0.0,3.6326676713855526,True
2021-01-07,15.920319483081823,0.24465965883290694,12.025259549840143,0.0,3.89505993324168,True
2021-01-08,16.18285867215415,0.2500195656312231,12.136827376270698,0.0,4.046031295883452,True
2021-01-11,15.875439412308134,0.24359674100818546,12.00823410939697,0.0,3.8672053029111644,True
2021-01-12,15.850361498820204,0.24292233668847832,11.999954646169709,0.0,3.8504068526504955,True
2021-01-13,15.981885265876377,0.2456064690922514,12.056630856287002,0.0,3.925254409589374,True
2021-01-14,15.868787302998975,0.24359162910923376,12.003283551873531,0.0,3.865503751125444,True
2021-01-15,15.683493948092533,0.24047693643961382,11.911975370786017,0.0,3.771518577306516,True
2021-01-19,15.98067361205933,0.24623713965489208,12.045638252067429,0.0,3.935035359991902,True
2021-01-20,16.478419279455146,0.25544534070122077,12.269083852397161,0.0,4.209335427057985,True
2021-01-21,16.637702845977564,0.25928774765109586,12.323750348955812,0.0,4.31395249702175,True
2021-01-22,16.559020149615577,0.2581570429705758,12.284192473300639,0.0,4.274827676314939,True
2021-01-25,16.75266428521233,0.26225544148108065,12.359186917109637,0.0,4.393477368102692,True
2021-01-26,16.75673797815245,0.2624709168618377,12.3585815974132,0.0,4.39815638073925,True
2021-01-27,16.078779002680534,0.2514793042728505,12.035298845529518,0.0,4.043480157151017,True
2021-01-28,16.22567493618375,0.252871956343353,12.122656772079655,0.0,4.103018164104094,True
2021-01-29,15.721221039661922,0.24472845089392584,11.873790968464466,0.0,3.847430071197456,True
2021-02-01,16.251198212548882,0.2541495996344784,12.120962693249032,0.0,4.13023551929985,True
2021-02-02,16.635643083714132,0.2602912284101738,12.305531110060969,0.0,4.330111973653164,True
2021-02-03,16.566314208961963,0.2583770826876956,12.285958272762649,0.0,4.280355936199312,True
2021-02-04,16.86018210500689,0.2628532072761902,12.4284291634452,0.0,4.4317529415616885,True
2021-02-05,16.952069779267177,0.2641628398685355,12.473962884726383,0.0,4.478106894540796,True
2021-02-08,17.126505323712824,0.2665875364784138,12.560792460979783,0.0,4.565712862733041,True
2021-02-09,17.118877206665815,0.26658210655588593,12.5552908590413,0.0,4.563586347624513,True
2021-02-10,17.069517522235177,0.2654595262967187,12.538251486669088,0.0,4.53126603556609,True
2021-02-11,17.18726625204929,0.2678966877860142,12.582854551028943,0.0,4.604411701020347,True
2021-02-12,17.331756814636627,0.2701781908960937,12.649094113407061,0.0,4.682662701229567,True
2021-02-16,17.27005071966131,0.2688780685071331,12.626512839138552,0.0,4.643537880522756,True
2021-02-17,17.176564007425952,0.26657808604397354,12.597668449514536,0.0,4.578895557911414,True
2021-02-18,17.060554036913217,0.2647763786260317,12.543322321665611,0.0,4.517231715247608,True
2021-02-19,16.962586655794148,0.2627956336347943,12.504892947499618,0.0,4.45769370829453,True
2021-02-22,16.407112438960475,0.2506457785966493,12.294738967174455,0.0,4.112373471786018,True
2021-02-23,16.359702936244112,0.24913660258943973,12.283902127335772,0.0,4.0758008089083395,True
2021-02-24,16.57624783571446,0.2518083522590393,12.402210181565735,0.0,4.174037654148725,True
2021-02-25,15.774738497518491,0.23696967582587644,12.036603829523562,0.0,3.73813466799493,True
2021-02-26,15.825066280695168,0.23976335156338352,12.030795350523007,0.0,3.7942709301721615,True
2021-03-01,16.482696963020604,0.2502704025255354,12.357565759379018,0.0,4.125131203641587,True
2021-03-02,16.13763261828729,0.2433678271091922,12.21025203328829,0.0,3.927380584999002,True
2021-03-03,15.538949421727494,0.23082244781717087,11.952211079697141,0.0,3.586738342030352,True
2021-03-04,15.18985064155429,0.22445249601140727,11.780450751016954,0.0,3.4093998905373364,True
2021-03-05,15.539592022813297,0.22922561030151486,11.977519557547367,0.0,3.56207246526593,True
2021-03-08,15.035715601517003,0.2166560400305313,11.778137000267051,0.0,3.2575786012499517,True
2021-03-09,15.735663093502726,0.2313962043472072,12.094490380779762,0.0,3.6411727127229634,True
2021-03-10,15.724998936372746,0.22957892234760294,12.11487062664309,0.0,3.6101283097296575,True
2021-03-11,16.17641280500388,0.2386569774158036,12.315799019531354,0.0,3.8606137854725278,True
2021-03-12,16.038637478731918,0.23471449758381308,12.27413674098244,0.0,3.7645007377494766,True
2021-03-15,16.261151677466636,0.2389039483286941,12.37629833734809,0.0,3.8848533401185468,True
2021-03-16,16.351101420721996,0.24149105405116023,12.402456703734419,0.0,3.948644716987578,True
2021-03-17,16.44753851055755,0.24310025186290865,12.44913775611612,0.0,3.99840075444143,True
2021-03-18,15.799300948664435,0.22984511237671612,12.1679088466451,0.0,3.6313921020193347,True
2021-03-19,15.855844796953154,0.23194896150238256,12.178098062556915,0.0,3.67774673439624,True
2021-03-22,16.214707264781882,0.23890634702143118,12.34091078413098,0.0,3.8737964806509018,True
2021-03-23,16.08861257881736,0.2376332414635641,12.26542342106152,0.0,3.8231891577558406,True
2021-03-24,15.760937012802799,0.23032360641417018,12.13082115954748,0.0,3.630115853255319,True
2021-03-25,15.764992750207096,0.2290234870361062,12.154439137455734,0.0,3.610553612751363,True
2021-03-26,16.113562268544392,0.23396630945398691,12.343531572416047,0.0,3.7700306961283445,True
2021-03-29,16.106558507972345,0.2339359770590968,12.338655006350326,0.0,3.767903501622019,True
2021-03-30,16.00555810316433,0.23206436870442462,12.291238366191513,0.0,3.714319736972818,True
2021-03-31,16.29122182792433,0.23822806744111955,12.410195535603332,0.0,3.8810262923209957,True
2021-04-01,16.661328851873222,0.2447795325089659,12.582976564533547,0.0,4.078352287339673,True
2021-04-05,17.122197936843403,0.25249728452201886,12.79888945274193,0.0,4.323308484101473,True
2021-04-06,17.103765797152228,0.2521726467803056,12.790663906173888,0.0,4.3131018909783405,True
2021-04-07,17.158526845691554,0.2532267261920489,12.8135292662787,0.0,4.344997579412856,True
2021-04-08,17.39144775985141,0.2576357709973773,12.91078870748148,0.0,4.480659052369928,True
2021-04-09,17.55871306692608,0.25980748806303705,12.99682793138839,0.0,4.561885135537691,True
2021-04-12,17.534737669867017,0.25914411681957134,12.99071356274646,0.0,4.544024107120556,True
2021-04-13,17.785459996601485,0.2642424656938376,13.085786193600397,0.0,4.6996738030010885,True
2021-04-14,17.519542841570757,0.2588348235652574,12.984875061228824,0.0,4.534667780341935,True
2021-04-15,17.887985275049445,0.26470114684850465,13.153015057934693,0.0,4.7349702171147525,True
2021-04-16,17.93765482731022,0.26508250302591124,13.182696387272008,0.0,4.754958440038212,True
2021-04-19,17.71524115344456,0.2610887895695838,13.08999028375844,0.0,4.625250869686118,True
2021-04-20,17.51840061299172,0.258244801231572,12.994364728794626,0.0,4.524035884197096,True
2021-04-21,17.749900322579464,0.26132172573728113,13.111465738618275,0.0,4.638434583961189,True
2021-04-22,17.44216782969117,0.25625265717228923,12.972565976487786,0.0,4.469601853203383,True
2021-04-23,17.762557902368503,0.26111156436095506,13.12454862142902,0.0,4.638009280939484,True
2021-04-26,17.910845020890875,0.26407839801724914,13.180977760638788,0.0,4.729867260252085,True
2021-04-27,17.81878625813659,0.26195825276455775,13.151008143570015,0.0,4.667778114566573,True
2021-04-28,17.746609847946367,0.26031578140183986,13.126887238144622,0.0,4.6197226098017445,True
2021-04-29,17.85841014309903,0.26128178291289544,13.19233290092038,0.0,4.66607724217865,True
2021-04-30,17.68422889628466,0.25890139968993564,13.105757282599356,0.0,4.578471613685305,True
2021-05-03,17.588615896115915,0.2560532940311842,13.084992858466187,0.0,4.503623037649729,True
2021-05-04,17.193216240485516,0.2481398219045696,12.926894624604687,0.0,4.2663216158808295,True
2021-05-05,17.12374922772672,0.2462407725465069,12.90718398899864,0.0,4.216565238728078,True
2021-05-06,17.316211642522084,0.2488332488313596,13.007362442061899,0.0,4.308849200460184,True
2021-05-07,17.5217858260772,0.2519329879492624,13.107469968706537,0.0,4.414315857370664,True
2021-05-10,16.95966725007348,0.24072437609523495,12.877061932516751,0.0,4.082605317556728,True
2021-05-11,16.872896487051477,0.24075246683520235,12.810705035138815,0.0,4.062191451912663,True
2021-05-12,16.26185390857327,0.23078667879800155,12.508834653915343,0.0,3.753019254657925,True
2021-05-13,16.464439666657565,0.23275130641550787,12.632319824843707,0.0,3.8321198418138573,True
2021-05-14,16.950074898267737,0.24078529172227536,12.868746169173923,0.0,4.081328729093814,True
2021-05-17,16.8257747910352,0.2384695174631688,12.813340395673087,0.0,4.012434395362114,True
2021-05-18,16.643124212052548,0.2360273119631878,12.714892341612336,0.0,3.928231870440211,True
2021-05-19,16.648214641259443,0.23682358020028732,12.705524845973539,0.0,3.9426897952859035,True
2021-05-20,17.067388807978006,0.24436285809715372,12.896752898605126,0.0,4.170635909372879,True
2021-05-21,16.957522901222696,0.24188329861228908,12.855781325581514,0.0,4.10174157564118,True
2021-05-24,17.336569857077357,0.24844289753870452,13.029422208402895,0.0,4.307147648674463,True
2021-05-25,17.351967032148817,0.24942337257348218,13.023980894206382,0.0,4.3279861379424345,True
2021-05-26,17.4313794645833,0.25079998060219005,13.059589832996394,0.0,4.371789631586906,True
2021-05-27,17.359345958343184,0.2489009099788989,13.038588952673043,0.0,4.320757005670139,True
2021-05-28,17.433671930666886,0.25025473491068484,13.070812983137998,0.0,4.362858947528888,True
2021-06-01,17.363663223627288,0.24881447122706948,13.043332540075552,0.0,4.320330683551736,True
2021-06-02,17.40919790602785,0.249458404002733,13.06632718142242,0.0,4.342870724605429,True
2021-06-03,17.180455775897734,0.2448339380789885,12.974097130292789,0.0,4.206358645604946,True
2021-06-04,17.56548069889383,0.25174211782543654,13.143509387132466,0.0,4.421971311761362,True
2021-06-07,17.61781179567376,0.25321508962110406,13.156716002904485,0.0,4.461095792769275,True
2021-06-08,17.627444376560838,0.2533662086360422,13.161245626928897,0.0,4.466198749631942,True
2021-06-09,17.624295432928193,0.253701095871117,13.152992367637989,0.0,4.471303065290205,True
2021-06-10,17.860330513610933,0.2580153880188088,13.252090405997437,0.0,4.608240107613495,True
2021-06-11,17.925178087891048,0.25912230423120164,13.280364638002073,0.0,4.644813449888973,True
2021-06-14,18.133811891629716,0.2633173152725662,13.358865228668042,0.0,4.774946662961672,True
2021-06-15,17.98948013147619,0.26051283273189013,13.302989703051272,0.0,4.686490428424917,True
2021-06-16,17.877868356358213,0.25933226358072897,13.241560287505552,0.0,4.636308068852662,True
2021-06-17,18.13282360611391,0.2652313238799292,13.323430795383084,0.0,4.809392810730825,True
2021-06-18,17.875855663984428,0.2626207055643305,13.181285836942704,0.0,4.6945698270417235,True
2021-06-21,18.097071488046982,0.2641573575207803,13.316596904899836,0.0,4.7804745831471465,True
2021-06-22,18.328271754836436,0.2681109428168964,13.414261534442945,0.0,4.9140102203934894,True
2021-06-23,18.331972608986135,0.268520780956046,13.409457007556336,0.0,4.922515601429801,True
2021-06-24,18.5036738567607,0.2709244872062769,13.490575505685614,0.0,5.013098351075084,True
2021-06-25,18.50360660574149,0.2700751050617854,13.506243107673912,0.0,4.997363498067578,True
2021-06-28,18.77626291114538,0.2755754077009966,13.60198660430539,0.0,5.174276306839989,True
2021-06-29,18.86279760915113,0.277399894408586,13.630259544122078,0.0,5.232538065029051,True
2021-06-30,18.834817497379838,0.27659273793202765,13.625243757329487,0.0,5.209573740050351,True
2021-07-01,18.87777751415019,0.27609843769352294,13.665652635367406,0.0,5.2121248787827845,True
2021-07-02,19.185350734663903,0.28089338067285025,13.796312707409808,0.0,5.389038027254095,True
2021-07-06,19.274894424065458,0.28333921349759267,13.813560997701616,0.0,5.461333426363841,True
2021-07-07,19.348749688609246,0.2840600381989981,13.85254311296005,0.0,5.496206575649195,True
2021-07-08,19.155222054843314,0.2819568375141046,13.754276222379263,0.0,5.40094583246405,True
2021-07-09,19.363005092839757,0.2836532429660813,13.870625904687014,0.0,5.492379188152745,True
2021-07-12,19.483827222039668,0.2854302421442978,13.922553700155225,0.0,5.561273521884443,True
2021-07-13,19.45712008620927,0.2856690186474251,13.898823685476764,0.0,5.558296400732505,True
2021-07-14,19.510147941692907,0.28644019276956767,13.921657404311606,0.0,5.5884905373813005,True
2021-07-15,19.32180894548243,0.2832455606714542,13.848992337532543,0.0,5.4728166079498894,True
2021-07-16,19.07702615026792,0.27983558141131243,13.738595445908883,0.0,5.338430704359034,True
2021-07-19,18.79129071165513,0.2772786833031135,13.580866365561366,0.0,5.210424346093761,True
2021-07-20,19.13929210510186,0.28121380609850744,13.757058926195052,0.0,5.382233178906808,True
2021-07-21,19.37098900046728,0.2841948978690616,13.865852759856766,0.0,5.505136240610514,True
2021-07-22,19.54701100136597,0.2875534877811156,13.926199812227349,0.0,5.620811189138622,True
2021-07-23,19.886652239289692,0.2920303135053913,14.079146951277231,0.0,5.807505288012461,True
2021-07-26,19.933717531287463,0.29255687968391814,14.101971329833386,0.0,5.831746201454076,True
2021-07-27,19.6333739484564,0.28732832116348545,13.99214957307151,0.0,5.641224375384888,True
2021-07-28,19.719044650443642,0.2892071598062023,14.016155752997149,0.0,5.702888897446493,True
2021-07-29,19.788629765969883,0.2896085058777276,14.05767426607982,0.0,5.730955499890063,True
2021-07-30,19.631959807189812,0.2875439924501501,13.986907704609575,0.0,5.645052102580237,True
2021-08-02,19.616160938036437,0.2876888209126058,13.97281072694082,0.0,5.643350211095617,True
2021-08-03,19.81358242360092,0.2897804118751194,14.07199434816822,0.0,5.7415880754327,True
2021-08-04,19.81763469961482,0.29115896556532644,14.04755268052345,0.0,5.77008201909137,True
2021-08-05,20.01510882930711,0.2937044303373989,14.136582692454423,0.0,5.878526136852687,True
2021-08-06,19.919265250016885,0.29127461660391174,14.117288901286596,0.0,5.80197634873029,True
2021-08-09,19.95760819200141,0.2922705313987148,14.124587440277814,0.0,5.833020751723596,True
2021-08-10,19.843011550819785,0.28956493884692497,14.097171124567828,0.0,5.745840426251957,True
2021-08-11,19.81737983788188,0.2883729367862517,14.102583814623229,0.0,5.71479602325865,True
2021-08-12,19.92346410894566,0.2898257882734432,14.14913041843283,0.0,5.774333690512829,True
2021-08-13,20.019007914834944,0.2913316269463232,14.18683776915476,0.0,5.832170145680185,True
2021-08-16,20.048995330630483,0.2914050644757663,14.206616553633769,0.0,5.842378776996713,True
2021-08-17,19.786344845631096,0.2875142074450366,14.097489589105285,0.0,5.68885525652581,True
2021-08-18,19.47592398178901,0.28360269917912156,13.952499371546264,0.0,5.523424610242747,True
2021-08-19,19.59910186914185,0.2858344516491188,13.997003333560471,0.0,5.60209853558138,True
2021-08-20,19.90037029013796,0.2902048661586087,14.125185993581722,0.0,5.775184296556239,True
2021-08-23,20.32541627372192,0.2967945905909387,14.292942672172222,0.0,6.0324736015497,True
2021-08-24,20.418126122846882,0.2983629306405848,14.326114174645205,0.0,6.092011948201677,True
2021-08-25,20.44818810455964,0.2982569764699898,14.34937334620407,0.0,6.098814758355569,True
2021-08-26,20.25693373416457,0.29597149474506984,14.26145877791205,0.0,5.995474956252517,True
2021-08-27,20.565217343416343,0.30005457608306096,14.39452977138154,0.0,6.170687572034804,True
2021-08-30,20.882193147196872,0.3052956485167631,14.506950447871095,0.0,6.375242699325776,True
2021-08-31,20.847672088438728,0.30494448795224893,14.490289398433386,0.0,6.357382690005339,True
2021-09-01,20.898407917139576,0.30587274814154,14.506154455741177,0.0,6.392253461398399,True
2021-09-02,20.908359539560387,0.3053000291707532,14.525036762220006,0.0,6.383322777340382,True
2021-09-03,20.98634475387143,0.3069012104976349,14.545610144987597,0.0,6.440734608883831,True
2021-09-07,20.996999994999026,0.3080011754145203,14.529899316360648,0.0,6.467100678638378,True
2021-09-08,20.896522245233438,0.3063073409019984,14.495764082196526,0.0,6.400758163036912,True
2021-09-09,20.772097369188483,0.3048460180970017,14.439806198668169,0.0,6.332291170520313,True
2021-09-10,20.517907738269884,0.301679144295533,14.32808288905393,0.0,6.189824849215953,True
2021-09-13,20.517261509432306,0.30100452186881316,14.34147301872823,0.0,6.175788490704075,True
2021-09-14,20.40501797374989,0.30005516564845763,14.282386925576612,0.0,6.122631048173278,True
2021-09-15,20.65341993466732,0.3030147966549521,14.395128092934767,0.0,6.258291841732552,True
2021-09-16,20.659293440474247,0.3035256577108798,14.388667811112237,0.0,6.27062562936201,True
2021-09-17,20.28245006326223,0.29824104295749393,14.233391002661616,0.0,6.049059060600617,True
2021-09-20,19.64461728921943,0.28898228703770934,13.967670857000273,0.0,5.6769464322191565,True
2021-09-21,19.653845954924343,0.2892144843469101,13.969669031637295,0.0,5.6841769232870485,True
2021-09-22,19.95350493394992,0.2932045369963675,14.103046758336399,0.0,5.850458175613521,True
2021-09-23,20.266698922939376,0.29668921634499534,14.253787901592533,0.0,6.012911021346844,True
2021-09-24,20.302134050814118,0.2970092251843775,14.272212946792449,0.0,6.0299211040216685,True
2021-09-27,20.079315751790546,0.29306176428019093,14.19483605203178,0.0,5.884479699758765,True
2021-09-28,19.24468694561883,0.2802703954621547,13.850970924824876,0.0,5.393716020793956,True
2021-09-29,19.209265833570548,0.2789275587460005,13.851272209309757,0.0,5.357993624260789,True
2021-09-30,19.038782711288082,0.27825332910724665,13.741178039722682,0.0,5.2976046715654,True
2021-10-01,19.259580257404473,0.2800757291708343,13.86543927328771,0.0,5.394140984116762,True
2021-10-04,18.69295356662707,0.27082023643615055,13.630523462023145,0.0,5.062430104603927,True
2021-10-05,19.050638089270485,0.27595948528638964,13.793433807778113,0.0,5.257204281492372,True
2021-10-06,19.227259426237907,0.2788213310680793,13.866289360222977,0.0,5.360970066014929,True
2021-10-07,19.495830226621294,0.2824187255453923,13.989842700569572,0.0,5.505987526051723,True
2021-10-08,19.363564919074694,0.2799773203626278,13.942205900364376,0.0,5.421359018710317,True
2021-10-11,19.139276273255838,0.2769700734947579,13.838269517215691,0.0,5.301006756040145,True
2021-10-12,19.044104013479625,0.2755182225772006,13.797106325110386,0.0,5.246997688369238,True
2021-10-13,19.24706728001362,0.27899837062190835,13.877166869639575,0.0,5.369900410374046,True
2021-10-14,19.78797904540374,0.28635138547856215,14.121663829931624,0.0,5.666315215472117,True
2021-10-15,19.99128716398195,0.2886936974199674,14.219928556427668,0.0,5.771358607554284,True
2021-10-18,20.25691519478429,0.2934525465636056,14.312471845351846,0.0,5.944443349432447,True
2021-10-19,20.49683592053524,0.2963872341215784,14.421835413803983,0.0,6.075000506731256,True
2021-10-20,20.496611566112666,0.29545676516427477,14.440749015960357,0.0,6.055862550152308,True
2021-10-21,20.66798241550458,0.2982540134871954,14.50367370939756,0.0,6.164308706107019,True
2021-10-22,20.443459887417006,0.2938950335412924,14.435228558104518,0.0,6.008231329312488,True
2021-10-25,20.736377117616684,0.29843925508537006,14.547828177465847,0.0,6.188548940150836,True
2021-10-26,20.823662775882738,0.29996570647286636,14.577278059962342,0.0,6.246384715920395,True
2021-10-27,20.85762245488084,0.30184247907776246,14.561905985431602,0.0,6.295716469449238,True
2021-10-28,21.21541369762066,0.3064940521323886,14.713015585771924,0.0,6.502398111848739,True
2021-10-29,21.36263976893493,0.30888079342019326,14.764130647556534,0.0,6.598509121378395,True
2021-11-01,21.46564234608966,0.3104298943993273,14.802065259379319,0.0,6.663577086710341,True
2021-11-02,21.615391561580257,0.3123912238661822,14.862932937311454,0.0,6.752458624268803,True
2021-11-03,21.953989446208638,0.3173361133262612,14.987195763343033,0.0,6.966793682865607,True
2021-11-04,22.34520282438652,0.3234088113758486,15.118567338999421,0.0,7.226635485387098,True
2021-11-05,22.40543629260365,0.32373519186294114,15.152008075644703,0.0,7.253428216958947,True
2021-11-08,22.371872328746075,0.32289020150331066,15.148213964510916,0.0,7.223658364235161,True
2021-11-09,22.145854734480817,0.3194644443317703,15.0710415574778,0.0,7.074813177003018,True
2021-11-10,21.664460420948874,0.3122528898602765,14.899670047244005,0.0,6.7647903737048685,True
2021-11-11,21.742387944064337,0.3136569490002888,14.922736877548456,0.0,6.819651066515882,True
2021-11-12,22.09367302596075,0.31846734182004777,15.05755970634174,0.0,7.0361133196190115,True
2021-11-15,22.09240703183934,0.3183893667073477,15.058419547931058,0.0,7.033987483908282,True
2021-11-16,22.321265781297036,0.3216408816644268,15.141834175534658,0.0,7.179431605762379,True
2021-11-17,22.3153813489617,0.32210687121109544,15.127443682765215,0.0,7.187937666196488,True
2021-11-18,22.639304454540927,0.32720971265502075,15.23150414926106,0.0,7.407800305279868,True
2021-11-19,22.793603300756317,0.33049871249007134,15.260346756846916,0.0,7.533256543909403,True
2021-11-22,22.422425992465495,0.32432438462119206,15.150286480744903,0.0,7.272139511720593,True
2021-11-23,22.298854358009606,0.321677992352315,15.125803656368406,0.0,7.1730507016412,True
2021-11-24,22.409743579768367,0.32304670827096066,15.170349683127904,0.0,7.239393896640465,True
2021-11-26,21.697436628473454,0.31524754239347164,14.857373055109106,0.0,6.84006357336435,True
2021-11-29,22.37462678071042,0.3246941631853458,15.109716061563224,0.0,7.264910719147197,True
2021-11-30,21.80452571576545,0.3188678117274262,14.85176431502493,0.0,6.95276140074052,True
2021-12-01,21.238907415006736,0.310560168334425,14.642948752962978,0.0,6.595958662043759,True
2021-12-02,21.527988914429628,0.3121581704414691,14.807851281617046,0.0,6.720137632812581,True
2021-12-03,20.9971565727336,0.30396846868212113,14.614683042641033,0.0,6.382473530092567,True
2021-12-06,21.291522449394343,0.30677662052020266,14.75978114663912,0.0,6.531741302755224,True
2021-12-07,22.25541014900879,0.31995554246289915,15.134668322048372,0.0,7.120741826960418,True
2021-12-08,22.40839749051279,0.32219314205275595,15.188565494677384,0.0,7.219831995835407,True
2021-12-09,21.93365760777667,0.31495464297771014,15.025550306724032,0.0,6.908107301052637,True
2021-12-10,22.299952196666823,0.3193737077377171,15.177933781243489,0.0,7.122018415423333,True
2021-12-13,21.816899004458953,0.3124103025514904,15.001074985740622,0.0,6.815824018718331,True
2021-12-14,21.48480541763304,0.30779746970811184,14.871836672914458,0.0,6.612968744718583,True
2021-12-15,22.208116860586323,0.31747729837788036,15.157543917627125,0.0,7.0505729429591995,True
2021-12-16,21.408431094747034,0.3042075038356109,14.895825710377363,0.0,6.51260538436967,True
2021-12-17,21.192489961295546,0.30261147244062336,14.779399369424773,0.0,6.413090591870774,True
2021-12-20,20.850432752632862,0.29837720634587694,14.629138876799693,0.0,6.221293875833167,True
2021-12-21,21.559950160111576,0.307848994523281,14.922741181349174,0.0,6.6372089787624,True
2021-12-22,21.96229894944239,0.3129948186540791,15.088213172534996,0.0,6.874085776907392,True
2021-12-23,22.229417790559907,0.3165800065025847,15.192028561875778,0.0,7.037389228684128,True
2021-12-27,22.798849951841614,0.32342769377000047,15.425070491309194,0.0,7.37377946053242,True
2021-12-28,22.670045983428505,0.3214384198431447,15.383022224743817,0.0,7.287023758684688,True
2021-12-29,22.66725279044035,0.3209714914796649,15.391710854546114,0.0,7.275541935894236,True
2021-12-30,22.554937701927216,0.31955306914395504,15.347438134925671,0.0,7.207499567001546,True
2021-12-31,22.353717203259915,0.3164367341511479,15.280179935322016,0.0,7.0735372679379,True
2022-01-03,22.67563486428778,0.3209466537081297,15.397965733887219,0.0,7.277669130400563,True
2022-01-04,22.290389730684886,0.31380622265528463,15.295526727784514,0.0,6.994863002900371,True
2022-01-05,21.265151940113537,0.2986777196228185,14.913724851207672,0.0,6.351427088905866,True
2022-01-06,21.235472389882492,0.2982740815706708,14.901481366070954,0.0,6.333991023811539,True
2022-01-07,20.918196375812002,0.2928974050683706,14.791310938626072,0.0,6.126885437185929,True
2022-01-10,20.93640083673696,0.2937192093474336,14.786977736389634,0.0,6.149423100347327,True
2022-01-11,21.385279474495135,0.3002016469914486,14.965383354879275,0.0,6.41989611961586,True
2022-01-12,21.508328210973026,0.3018850215172197,15.015286086204013,0.0,6.4930421247690155,True
2022-01-13,20.74587125982886,0.29026702756335987,14.724028875026201,0.0,6.021842384802659,True
2022-01-14,20.885700815029935,0.2926811587987734,14.772849698162487,0.0,6.112851116867446,True
2022-01-18,20.13043204444015,0.2817758260505753,14.458162926363054,0.0,5.672269118077094,True
2022-01-19,19.77864047725776,0.27681090968070415,14.303697014500441,0.0,5.474943462757317,True
2022-01-20,19.394807184236157,0.27136945132278373,14.131649000138806,0.0,5.26315818409735,True
2022-01-21,18.617041274345596,0.25890388790289615,13.797016907168832,0.0,4.820024367176763,True
2022-01-24,18.747664464357623,0.26082020274829565,13.85789481770685,0.0,4.889769646650773,True
2022-01-25,18.141814715190193,0.24965195552710065,13.612675194732631,0.0,4.529139520457562,True
2022-01-26,18.105584591033864,0.24968173642739114,13.584950791311512,0.0,4.520633799722352,True
2022-01-27,17.868402416940004,0.24542751654336162,13.48300478715302,0.0,4.385397629786985,True
2022-01-28,18.656415613487084,0.25698983891088295,13.861906370322558,0.0,4.794509243164527,True
2022-01-31,19.46728596584959,0.27014062583797294,14.208381151668194,0.0,5.258904814181395,True
2022-02-01,19.66398562020999,0.27254235013374034,14.304716766281883,0.0,5.359268853928106,True
2022-02-02,19.918310688727757,0.2754249458480341,14.432311045900597,0.0,5.485999642827162,True
2022-02-03,18.796104475993072,0.2567542277200214,13.970125187114634,0.0,4.825979288878439,True
2022-02-04,19.08377153050091,0.26161943390215536,14.091086025973192,0.0,4.992685504527717,True
2022-02-07,18.891360347562408,0.25829599478569903,14.011797633733666,0.0,4.879562713828741,True
2022-02-08,19.193572588714538,0.2628702561344894,14.148153246183234,0.0,5.045419342531305,True
2022-02-09,19.760015578455608,0.27117481594629367,14.401596990872013,0.0,5.358418587583595,True
2022-02-10,19.112149926954103,0.2617650090006467,14.109257829303255,0.0,5.00289209765085,True
2022-02-11,18.27805620239806,0.24793070381265395,13.746364863810264,0.0,4.5316913385877955,True
2022-02-14,18.276857909352323,0.24864500411839682,13.73240849921006,0.0,4.544449410142262,True
2022-02-15,18.887471756327546,0.2580339430337489,14.013862945103783,0.0,4.873608811223763,True
2022-02-16,18.89270464134744,0.25791748598630626,14.019945756769289,0.0,4.872758884578151,True
2022-02-17,18.102382796033094,0.24530932396888244,13.661699510112287,0.0,4.440683285920806,True
2022-02-18,17.829696163647025,0.24061749831435728,13.539559277045186,0.0,4.29013688660184,True
2022-02-22,17.556367369910642,0.2368059466688506,13.398915174812835,0.0,4.157452195097808,True
2022-02-23,16.947816638808177,0.22653946497116734,13.108467325023124,0.0,3.839349313785052,True
2022-02-24,17.64264489366328,0.2389261369466248,13.427355903699219,0.0,4.215288989964064,True
2022-02-25,18.094761674488076,0.24400246562180736,13.679595211074004,0.0,4.415166463414074,True
2022-02-28,18.14441728467626,0.24591290691826137,13.682470885863575,0.0,4.461946398812685,True
2022-03-01,17.729642593111848,0.2400565053413959,13.473526551257452,0.0,4.256116041854394,True
2022-03-02,18.169893366805628,0.24542770670449113,13.710498106725376,0.0,4.4593952600802504,True
2022-03-03,17.851570308803566,0.23936979940749017,13.578443504876548,0.0,4.273126803927017,True
2022-03-04,17.51515236804407,0.23352689074606622,13.42489329459114,0.0,4.0902590734529305,True
2022-03-07,16.61296985560328,0.21871575696644255,12.979451578174316,0.0,3.633518277428963,True
2022-03-08,16.479840467674663,0.0,16.479840467674663,0.0,0.0,False
2022-03-09,16.997381015776035,0.0,16.997381015776035,0.0,0.0,False
2022-03-10,16.8646270461956,0.0,16.8646270461956,0.0,0.0,False
2022-03-11,16.582538194393926,0.0,16.582538194393926,0.0,0.0,False
2022-03-14,16.3627109698848,0.0,16.3627109698848,0.0,0.0,False
2022-03-15,16.799247673665054,0.0,16.799247673665054,0.0,0.0,False
2022-03-16,17.297016994106578,0.0,17.297016994106578,0.0,0.0,False
2022-03-17,17.509917966474557,0.0,17.509917966474557,0.0,0.0,False
2022-03-18,17.78500721242318,0.0,17.78500721242318,0.0,0.0,False
2022-03-21,17.75767939899887,0.0,17.75767939899887,0.0,0.0,False
2022-03-22,18.03607010088201,0.0,18.03607010088201,0.0,0.0,False
2022-03-23,17.790331539421143,0.0,17.790331539421143,0.0,0.0,False
2022-03-24,18.12212916769975,0.0,18.12212916769975,0.0,0.0,False
2022-03-25,18.158822271036104,0.0,18.158822271036104,0.0,0.0,False
2022-03-28,18.36388420806233,0.0,18.36388420806233,0.0,0.0,False
2022-03-29,18.6354897187408,0.0,18.6354897187408,0.0,0.0,False
2022-03-30,18.475035810254305,0.0,18.475035810254305,0.0,0.0,False
2022-03-31,18.218360403714247,0.0,18.218360403714247,0.0,0.0,False
2022-04-01,18.226841470890474,0.0,18.226841470890474,0.0,0.0,False
2022-04-04,18.492543774115333,0.0,18.492543774115333,0.0,0.0,False
2022-04-05,18.170444867054595,0.0,18.170444867054595,0.0,0.0,False
2022-04-06,17.882347398084118,0.0,17.882347398084118,0.0,0.0,False
2022-04-07,17.94866151851,0.0,17.94866151851,0.0,0.0,False
2022-04-08,17.79921408712703,0.0,17.79921408712703,0.0,0.0,False
2022-04-11,17.43655637821125,0.0,17.43655637821125,0.0,0.0,False
2022-04-12,17.367426214840975,0.0,17.367426214840975,0.0,0.0,False
2022-04-13,17.643395998826453,0.0,17.643395998826453,0.0,0.0,False
2022-04-14,17.331825026912444,0.0,17.331825026912444,0.0,0.0,False
2022-04-18,17.34204458882529,0.0,17.34204458882529,0.0,0.0,False
2022-04-19,17.67582355116008,0.0,17.67582355116008,0.0,0.0,False
2022-04-20,17.540374161397068,0.0,17.540374161397068,0.0,0.0,False
2022-04-21,17.227763922529,0.0,17.227763922529,0.0,0.0,False
2022-04-22,16.76584380355098,0.0,16.76584380355098,0.0,0.0,False
2022-04-25,16.92213124232684,0.0,16.92213124232684,0.0,0.0,False
2022-04-26,16.357729337866697,0.0,16.357729337866697,0.0,0.0,False
2022-04-27,16.37092665772439,0.0,16.37092665772439,0.0,0.0,False
2022-04-28,16.868401971703154,0.0,16.868401971703154,0.0,0.0,False
2022-04-29,16.177179689457176,0.0,16.177179689457176,0.0,0.0,False
2022-05-02,16.36091517449637,0.0,16.36091517449637,0.0,0.0,False
2022-05-03,16.40714939530866,0.0,16.40714939530866,0.0,0.0,False
2022-05-04,16.934353475074378,0.0,16.934353475074378,0.0,0.0,False
2022-05-05,16.206965004049696,0.0,16.206965004049696,0.0,0.0,False
2022-05-06,16.061511013558558,0.0,16.061511013558558,0.0,0.0,False
2022-05-09,15.490166030453548,0.0,15.490166030453548,0.0,0.0,False
2022-05-10,15.602155710860744,0.0,15.602155710860744,0.0,0.0,False
2022-05-11,15.24686012620477,0.0,15.24686012620477,0.0,0.0,False
2022-05-12,15.220879800781109,0.0,15.220879800781109,0.0,0.0,False
2022-05-13,15.684869394385975,0.0,15.684869394385975,0.0,0.0,False
2022-05-16,15.562140598718232,0.0,15.562140598718232,0.0,0.0,False
2022-05-17,15.923741405473649,0.0,15.923741405473649,0.0,0.0,False
2022-05-18,15.2119354594002,0.0,15.2119354594002,0.0,0.0,False
2022-05-19,15.124596210208658,0.0,15.124596210208658,0.0,0.0,False
2022-05-20,15.10439323923839,0.0,15.10439323923839,0.0,0.0,False
2022-05-23,15.371269340818358,0.0,15.371269340818358,0.0,0.0,False
2022-05-24,15.149187581044048,0.0,15.149187581044048,0.0,0.0,False
2022-05-25,15.322117422653095,0.0,15.322117422653095,0.0,0.0,False
2022-05-26,15.687458303909906,0.0,15.687458303909906,0.0,0.0,False
2022-05-27,16.136033319665664,0.0,16.136033319665664,0.0,0.0,False
2022-05-31,16.069362441098274,0.0,16.069362441098274,0.0,0.0,False
2022-06-01,15.944948168246297,0.0,15.944948168246297,0.0,0.0,False
2022-06-02,16.31510347158576,0.0,16.31510347158576,0.0,0.0,False
2022-06-03,15.968970498191867,0.0,15.968970498191867,0.0,0.0,False
2022-06-06,16.01987922268127,0.0,16.01987922268127,0.0,0.0,False
2022-06-07,16.165801120440683,0.0,16.165801120440683,0.0,0.0,False
2022-06-08,16.019756642697185,0.0,16.019756642697185,0.0,0.0,False
2022-06-09,15.614716702921513,0.0,15.614716702921513,0.0,0.0,False
2022-06-10,15.11296640276961,0.0,15.11296640276961,0.0,0.0,False
2022-06-13,14.474712118921214,0.0,14.474712118921214,0.0,0.0,False
2022-06-14,14.466043514099745,0.0,14.466043514099745,0.0,0.0,False
2022-06-15,14.749780238068176,0.0,14.749780238068176,0.0,0.0,False
2022-06-16,14.208152135363925,0.0,14.208152135363925,0.0,0.0,False
2022-06-17,14.309846532494761,0.0,14.309846532494761,0.0,0.0,False
2022-06-21,14.670476637661901,0.0,14.670476637661901,0.0,0.0,False
2022-06-22,14.646480402762164,0.0,14.646480402762164,0.0,0.0,False
2022-06-23,14.827331743963265,0.0,14.827331743963265,0.0,0.0,False
2022-06-24,15.31706090335405,0.0,15.31706090335405,0.0,0.0,False
2022-06-27,15.23165675070921,0.0,15.23165675070921,0.0,0.0,False
2022-06-28,14.84401185841639,0.0,14.84401185841639,0.0,0.0,False
2022-06-29,14.844775675579468,0.0,14.844775675579468,0.0,0.0,False
2022-06-30,14.692411337066451,0.0,14.692411337066451,0.0,0.0,False
2022-07-01,14.818602087408687,0.0,14.818602087408687,0.0,0.0,False
2022-07-05,14.959438269537678,0.0,14.959438269537678,0.0,0.0,False
2022-07-06,15.032661132652024,0.0,15.032661132652024,0.0,0.0,False
2022-07-07,15.30607509972155,0.0,15.30607509972155,0.0,0.0,False
2022-07-08,15.309378212520457,0.0,15.309378212520457,0.0,0.0,False
2022-07-11,15.058397152673074,0.0,15.058397152673074,0.0,0.0,False
2022-07-12,14.918834927894657,0.0,14.918834927894657,0.0,0.0,False
2022-07-13,14.864283725437842,0.0,14.864283725437842,0.0,0.0,False
2022-07-14,14.872775153561731,0.0,14.872775153561731,0.0,0.0,False
2022-07-15,15.14973957257222,0.0,15.14973957257222,0.0,0.0,False
2022-07-18,15.023089091486275,0.0,15.023089091486275,0.0,0.0,False
2022-07-19,15.457051012125165,0.0,15.457051012125165,0.0,0.0,False
2022-07-20,15.628851179936854,0.0,15.628851179936854,0.0,0.0,False
2022-07-21,15.82060595539041,0.0,15.82060595539041,0.0,0.0,False
2022-07-22,15.608498604306597,0.0,15.608498604306597,0.0,0.0,False
2022-07-25,15.573533352341013,0.0,15.573533352341013,0.0,0.0,False
2022-07-26,15.328404197327359,0.0,15.328404197327359,0.0,0.0,False
2022-07-27,15.851306996888017,0.0,15.851306996888017,0.0,0.0,False
2022-07-28,16.02820821565866,0.0,16.02820821565866,0.0,0.0,False
2022-07-29,16.291199425274613,0.0,16.291199425274613,0.0,0.0,False
2022-08-01,16.262167960144403,0.0,16.262167960144403,0.0,0.0,False
2022-08-02,16.184281935413605,0.0,16.184281935413605,0.0,0.0,False
2022-08-03,16.53137346269377,0.0,16.53137346269377,0.0,0.0,False
2022-08-04,16.564441585957415,0.0,16.564441585957415,0.0,0.0,False
2022-08-05,16.482785389299487,0.0,16.482785389299487,0.0,0.0,False
2022-08-08,16.446579783514835,0.0,16.446579783514835,0.0,0.0,False
2022-08-09,16.320850655916956,0.0,16.320850655916956,0.0,0.0,False
2022-08-10,16.720015677517214,0.0,16.720015677517214,0.0,0.0,False
2022-08-11,16.67256348840635,0.0,16.67256348840635,0.0,0.0,False
2022-08-12,16.975998978061398,0.0,16.975998978061398,0.0,0.0,False
2022-08-15,17.079572066863484,0.0,17.079572066863484,0.0,0.0,False
2022-08-16,17.076300185026707,0.0,17.076300185026707,0.0,0.0,False
2022-08-17,16.91830868685476,0.0,16.91830868685476,0.0,0.0,False
2022-08-18,16.963239264898537,0.0,16.963239264898537,0.0,0.0,False
2022-08-19,16.68389485070303,0.0,16.68389485070303,0.0,0.0,False
2022-08-22,16.29057520917098,0.0,16.29057520917098,0.0,0.0,False
2022-08-23,16.264133590590326,0.0,16.264133590590326,0.0,0.0,False
2022-08-24,16.313725500042665,0.0,16.313725500042665,0.0,0.0,False
2022-08-25,16.57310900503732,0.0,16.57310900503732,0.0,0.0,False
2022-08-26,15.952964932563802,0.0,15.952964932563802,0.0,0.0,False
2022-08-29,15.82161128088003,0.0,15.82161128088003,0.0,0.0,False
2022-08-30,15.646673889584042,0.0,15.646673889584042,0.0,0.0,False
2022-08-31,15.541661861208906,0.0,15.541661861208906,0.0,0.0,False
2022-09-01,15.569419908380357,0.0,15.569419908380357,0.0,0.0,False
2022-09-02,15.377351638841386,0.0,15.377351638841386,0.0,0.0,False
2022-09-06,15.293119134097557,0.0,15.293119134097557,0.0,0.0,False
2022-09-07,15.584959542481243,0.0,15.584959542481243,0.0,0.0,False
2022-09-08,15.676292051646225,0.0,15.676292051646225,0.0,0.0,False
2022-09-09,15.969419384815286,0.0,15.969419384815286,0.0,0.0,False
2022-09-12,16.15013922397297,0.0,16.15013922397297,0.0,0.0,False
2022-09-13,15.356204394991474,0.0,15.356204394991474,0.0,0.0,False
2022-09-14,15.446415314994608,0.0,15.446415314994608,0.0,0.0,False
2022-09-15,15.230113057361944,0.0,15.230113057361944,0.0,0.0,False
2022-09-16,15.125454263661638,0.0,15.125454263661638,0.0,0.0,False
2022-09-19,15.242995517838592,0.0,15.242995517838592,0.0,0.0,False
2022-09-20,15.094759741967586,0.0,15.094759741967586,0.0,0.0,False
2022-09-21,14.827961778267545,0.0,14.827961778267545,0.0,0.0,False
2022-09-22,14.674433491950555,0.0,14.674433491950555,0.0,0.0,False
2022-09-23,14.432036816982176,0.0,14.432036816982176,0.0,0.0,False
2022-09-26,14.33079357624471,0.0,14.33079357624471,0.0,0.0,False
2022-09-27,14.31537803590504,0.0,14.31537803590504,0.0,0.0,False
2022-09-28,14.598594628450066,0.0,14.598594628450066,0.0,0.0,False
2022-09-29,14.235698073077533,0.0,14.235698073077533,0.0,0.0,False
2022-09-30,14.0049371607019,0.0,14.0049371607019,0.0,0.0,False
2022-10-03,14.35409083488916,0.0,14.35409083488916,0.0,0.0,False
2022-10-04,14.80213666962604,0.0,14.80213666962604,0.0,0.0,False
2022-10-05,14.780970465427865,0.0,14.780970465427865,0.0,0.0,False
2022-10-06,14.646545730066276,0.0,14.646545730066276,0.0,0.0,False
2022-10-07,14.163224367636916,0.0,14.163224367636916,0.0,0.0,False
2022-10-10,14.038365896040878,0.0,14.038365896040878,0.0,0.0,False
2022-10-11,13.897480537633985,0.0,13.897480537633985,0.0,0.0,False
2022-10-12,13.872180358047494,0.0,13.872180358047494,0.0,0.0,False
2022-10-13,14.217900193120059,0.0,14.217900193120059,0.0,0.0,False
2022-10-14,13.842219453093868,0.0,13.842219453093868,0.0,0.0,False
2022-10-17,14.248613575169573,0.0,14.248613575169573,0.0,0.0,False
2022-10-18,14.38866187041991,0.0,14.38866187041991,0.0,0.0,False
2022-10-19,14.311444063388514,0.0,14.311444063388514,0.0,0.0,False
2022-10-20,14.214932894646259,0.0,14.214932894646259,0.0,0.0,False
2022-10-21,14.554309104116266,0.0,14.554309104116266,0.0,0.0,False
2022-10-24,14.723413808406635,0.0,14.723413808406635,0.0,0.0,False
2022-10-25,14.993254932387188,0.0,14.993254932387188,0.0,0.0,False
2022-10-26,14.771126790591701,0.0,14.771126790591701,0.0,0.0,False
2022-10-27,14.597226617719576,0.0,14.597226617719576,0.0,0.0,False
2022-10-28,14.994207482575769,0.0,14.994207482575769,0.0,0.0,False
2022-10-31,14.852879742678816,0.0,14.852879742678816,0.0,0.0,False
2022-11-01,14.744497974523302,0.0,14.744497974523302,0.0,0.0,False
2022-11-02,14.30678359665479,0.0,14.30678359665479,0.0,0.0,False
2022-11-03,14.09338819221802,0.0,14.09338819221802,0.0,0.0,False
2022-11-04,14.308155871648486,0.0,14.308155871648486,0.0,0.0,False
2022-11-07,14.455244581418958,0.0,14.455244581418958,0.0,0.0,False
2022-11-08,14.546911844999766,0.0,14.546911844999766,0.0,0.0,False
2022-11-09,14.229217802705843,0.0,14.229217802705843,0.0,0.0,False
2022-11-10,15.14517306753876,0.0,15.14517306753876,0.0,0.0,False
2022-11-11,15.357995455393104,0.0,15.357995455393104,0.0,0.0,False
2022-11-14,15.225474596973896,0.0,15.225474596973896,0.0,0.0,False
2022-11-15,15.395747868527673,0.0,15.395747868527673,0.0,0.0,False
2022-11-16,15.2319528734309,0.0,15.2319528734309,0.0,0.0,False
2022-11-17,15.191839140283712,0.0,15.191839140283712,0.0,0.0,False
2022-11-18,15.2265942535395,0.0,15.2265942535395,0.0,0.0,False
2022-11-21,15.120592546194244,0.0,15.120592546194244,0.0,0.0,False
2022-11-22,15.331219884463582,0.0,15.331219884463582,0.0,0.0,False
2022-11-23,15.456466082037865,0.0,15.456466082037865,0.0,0.0,False
2022-11-25,15.403894830810202,0.0,15.403894830810202,0.0,0.0,False
2022-11-28,15.167984813355305,0.0,15.167984813355305,0.0,0.0,False
2022-11-29,15.097551648617033,0.0,15.097551648617033,0.0,0.0,False
2022-11-30,15.679460395827803,0.0,15.679460395827803,0.0,0.0,False
2022-12-01,15.68331029104551,0.0,15.68331029104551,0.0,0.0,False
2022-12-02,15.643026033576087,0.0,15.643026033576087,0.0,0.0,False
2022-12-05,15.371051871593886,0.0,15.371051871593886,0.0,0.0,False
2022-12-06,15.10101797744598,0.0,15.10101797744598,0.0,0.0,False
2022-12-07,15.057350713884729,0.0,15.057350713884729,0.0,0.0,False
2022-12-08,15.205427338438213,0.0,15.205427338438213,0.0,0.0,False
2022-12-09,15.100154835477483,0.0,15.100154835477483,0.0,0.0,False
2022-12-12,15.303769758174404,0.0,15.303769758174404,0.0,0.0,False
2022-12-13,15.443952454453548,0.0,15.443952454453548,0.0,0.0,False
2022-12-14,15.337328288545129,0.0,15.337328288545129,0.0,0.0,False
2022-12-15,14.892256169114722,0.0,14.892256169114722,0.0,0.0,False
2022-12-16,14.73335140054797,0.0,14.73335140054797,0.0,0.0,False
2022-12-19,14.5673570764749,0.0,14.5673570764749,0.0,0.0,False
2022-12-20,14.571652576365938,0.0,14.571652576365938,0.0,0.0,False
2022-12-21,14.786282345962643,0.0,14.786282345962643,0.0,0.0,False
2022-12-22,14.499935896553884,0.0,14.499935896553884,0.0,0.0,False
2022-12-23,14.55794487406305,0.0,14.55794487406305,0.0,0.0,False
2022-12-27,14.426331520667182,0.0,14.426331520667182,0.0,0.0,False
2022-12-28,14.24145173730482,0.0,14.24145173730482,0.0,0.0,False
2022-12-29,14.543196028400642,0.0,14.543196028400642,0.0,0.0,False
2022-12-30,14.519679555884265,0.0,14.519679555884265,0.0,0.0,False
2023-01-03,14.440037419382659,0.0,14.440037419382659,0.0,0.0,False
2023-01-04,14.530173504140151,0.0,14.530173504140151,0.0,0.0,False
2023-01-05,14.33352408825802,0.0,14.33352408825802,0.0,0.0,False
2023-01-06,14.695685689798799,0.0,14.695685689798799,0.0,0.0,False
2023-01-09,14.739086529741378,0.0,14.739086529741378,0.0,0.0,False
2023-01-10,14.853147258312257,0.0,14.853147258312257,0.0,0.0,False
2023-01-11,15.075556387043127,0.0,15.075556387043127,0.0,0.0,False
2023-01-12,15.143741171097064,0.0,15.143741171097064,0.0,0.0,False
2023-01-13,15.225211179275341,0.0,15.225211179275341,0.0,0.0,False
2023-01-17,15.226708689152291,0.0,15.226708689152291,0.0,0.0,False
2023-01-18,15.007537469555206,0.0,15.007537469555206,0.0,0.0,False
2023-01-19,14.879192099160013,0.0,14.879192099160013,0.0,0.0,False
2023-01-20,15.221381640148428,0.0,15.221381640148428,0.0,0.0,False
2023-01-23,15.481777998491992,0.0,15.481777998491992,0.0,0.0,False
2023-01-24,15.45766420701336,0.0,15.45766420701336,0.0,0.0,False
2023-01-25,15.44340899338866,0.0,15.44340899338866,0.0,0.0,False
2023-01-26,15.678827184685874,0.0,15.678827184685874,0.0,0.0,False
2023-01-27,15.774874223530702,0.0,15.774874223530702,0.0,0.0,False
2023-01-30,15.516438164501807,0.0,15.516438164501807,0.0,0.0,False
2023-01-31,15.74677628455779,0.0,15.74677628455779,0.0,0.0,False
2023-02-01,15.998814701926182,0.0,15.998814701926182,0.0,0.0,False
2023-02-02,16.40236075636066,0.0,16.40236075636066,0.0,0.0,False
2023-02-03,16.16779638547324,0.05247906281632245,13.744018329117836,1.5753072542406419,0.8484708021147611,True
2023-02-06,16.046340741408073,0.05152950155174695,13.643890804400709,1.5755899968731164,0.8268599401342477,True
2023-02-07,16.328389080235063,0.05377510440795058,13.874454837129942,1.5758734155018386,0.8780608276032806,True
2023-02-08,16.082254975985297,0.05166250561127163,13.675246189140775,1.5761591989057815,0.8308495879387414,True
2023-02-09,15.940559440466407,0.05072432136950143,13.55553940828058,1.5764459723179685,0.8085740598678579,True
2023-02-10,15.89555593676446,0.049822118666759015,13.52687111310289,1.5767345495059846,0.7919502741555846,True
2023-02-13,16.121134044585126,0.05145542845564766,13.714589629076555,1.577024556053518,0.8295198594550558,True
2023-02-14,16.186893140564663,0.05235552618042184,13.762104591234715,1.5773152417294225,0.8474733076005239,True
2023-02-15,16.28119566542029,0.05321624221671621,13.837164693455692,1.5776069198558422,0.8664240521087563,True
2023-02-16,16.006866269498108,0.051033469384033435,13.612082762120997,1.5778975876783614,0.8168859196987491,True
2023-02-17,15.924515079916164,0.05019083893997156,13.5470606217683,1.5781896865746443,0.7992647715732205,True
2023-02-21,15.572371336176085,0.047717644143265514,13.250811683355389,1.5784827789342577,0.7430768738864385,True
2023-02-22,15.56915562532397,0.047770212343406185,13.24663732824034,1.578776426854368,0.743741870229263,True
2023-02-23,15.681150006901865,0.04861634818438199,13.339719190285388,1.5790705679494113,0.7623602486670651,True
2023-02-24,15.459946545477731,0.04681733516844095,13.156788595840998,1.5793644505309208,0.7237934991058117,True
2023-02-27,15.545379558801832,0.04756523669338164,13.226300698039502,1.5796592025594642,0.7394196582028658,True
2023-02-28,15.508233338638943,0.14927067271048114,13.193308915629197,-2.220446049250313e-16,2.314924423009746,True
2023-03-01,15.37341105009997,0.1469054463759536,13.114973237464016,-2.2208610611938316e-16,2.2584378126359534,True
2023-03-02,15.53307596785955,0.14889729409325347,13.220242987300319,-2.2212774726344007e-16,2.312832980559231,True
2023-03-03,15.91696023640508,0.1541783097765378,13.462910210375783,-2.221693785873028e-16,2.4540500260292966,True
2023-03-06,15.93972248441881,0.1546144089731126,13.475211713294962,-2.222109736314999e-16,2.4645107711238485,True
2023-03-07,15.661748189566834,0.15148104622666744,13.289290188072636,-2.222526646441896e-16,2.372458001494199,True
2023-03-08,15.73820623287914,0.15280558118273754,13.33332048269026,-2.222953953629821e-16,2.4048857501888796,True
2023-03-09,15.373128983092297,0.1482009915263729,13.094816024935199,-2.22338469505548e-16,2.278312958157099,True
2023-03-10,15.092557554698502,0.1447181825396831,12.90839005550697,-2.2238124319249997e-16,2.184167499191531,True
2023-03-13,15.178298243904141,0.14700198145395302,12.947058326951177,-2.224236279982585e-16,2.231239916952964,True
2023-03-14,15.585747386693,0.15289088726173447,13.202828640104249,-2.2246474106403305e-16,2.3829187465887522,True
2023-03-15,15.613607632238221,0.15482892887334843,13.196169486690039,-2.2250605594300093e-16,2.4174381455481817,True
2023-03-16,16.094733273771453,0.16209443166324847,13.485866630987895,-2.2254630128516403e-16,2.6088666427835583,True
2023-03-17,15.945317149951979,0.161186063598064,13.375154245728519,-2.225863066340336e-16,2.5701629042234604,True
2023-03-20,16.060551922325192,0.1617229582900584,13.463191953675679,-2.2262422580322516e-16,2.5973599686495144,True
2023-03-21,16.354923882885437,0.16552788903861937,13.64772785716411,-2.226636709302958e-16,2.7071960257213266,True
2023-03-22,16.03533424983627,0.161937372826229,13.438614349027336,-2.2270436006556884e-16,2.596719900808935,True
2023-03-23,16.22576544455235,0.1657431486850316,13.536455989947463,-2.2274468546398175e-16,2.689309454604888,True
2023-03-24,16.322443647339487,0.16643739993761644,13.605778566048038,-2.2278448781597427e-16,2.716665081291449,True
2023-03-27,16.232792785418354,0.16392133357356464,13.571891744409237,-2.228242972802677e-16,2.6609010410091156,True
2023-03-28,16.137324628941304,0.1621526766919602,13.520614245711378,-2.228648212403961e-16,2.616710383229926,True
2023-03-29,16.501943973647183,0.16724113157974832,13.74214019022882,-2.2290575053977076e-16,2.7598037834183633,True
2023-03-30,16.681918022099975,0.16991491999557623,13.847411256002095,-2.2294670504971155e-16,2.8345067660978787,True
2023-03-31,17.03353368324201,0.17456103706369125,14.060142378635968,-2.2298797673108265e-16,2.9733913046060416,True
2023-04-03,17.022193854173995,0.17344110051665856,14.069845818898155,-2.2302854815496435e-16,2.9523480352758398,True
2023-04-04,16.929972619539072,0.17264576543277577,14.007084537882813,-2.2306899420668477e-16,2.922888081656259,True
2023-04-05,16.748851455094385,0.16892180124500475,13.919605298514822,-2.231108462003832e-16,2.829246156579562,True
2023-04-06,16.87974151777591,0.17097791341957574,13.993678534004802,-2.2315250241127014e-16,2.886062983771107,True
2023-04-10,16.876647383058977,0.17063516953220895,13.996897795715398,-2.2319421067693955e-16,2.879749587343579,True
2023-04-11,16.77785003570964,0.1683162820764578,13.953864696462627,-2.232370604210363e-16,2.8239853392470113,True
2023-04-12,16.613075318694417,0.16548905581975787,13.863793169941154,-2.232802904559729e-16,2.749282148753262,True
2023-04-13,16.998716202532705,0.17101912844603326,14.091610572874098,-2.233233516560295e-16,2.9071056296586075,True
2023-04-14,16.951424715667113,0.17050313249028293,14.061153701472668,-2.2336637684954334e-16,2.8902710141944463,True
2023-04-17,16.985766768909397,0.17034425067606107,14.092339056501185,-2.2340983579075077e-16,2.89342771240821,True
2023-04-18,16.9929083765456,0.17039648348387165,14.097376545018601,-2.234534804967057e-16,2.8955318315269967,True
2023-04-19,16.982089491186276,0.17013328332848612,14.092870848272574,-2.234980825226494e-16,2.8892186429137015,True
2023-04-20,16.822573102369898,0.16774373355112301,14.000691882241673,-2.2354238303442018e-16,2.821881220128225,True
2023-04-21,16.840578240740456,0.16787676701071733,14.013436411093913,-2.235862487932487e-16,2.8271418296465414,True
2023-04-24,16.81644663864538,0.1671165897630297,14.006139424462999,-2.2363016751899796e-16,2.81030721418238,True
2023-04-25,16.414299479706678,0.16153183927934361,13.762867494267685,-2.2367341156021765e-16,2.6514319854389927,True
2023-04-26,16.471076882464427,0.16365794795651878,13.775454239246244,-2.2371737403731354e-16,2.695622643218183,True
2023-04-27,17.01327880505324,0.17124380572616793,14.099860194595571,-2.237616292412598e-16,2.9134186104576676,True
2023-04-28,17.18100694854765,0.17300145154709864,14.208667807408121,-2.238060263899188e-16,2.9723391411395315,True
2023-05-01,17.15726746453823,0.17275025030424854,14.19334521550231,-2.23849748494535e-16,2.9639222490359187,True
2023-05-02,16.93669956114965,0.17034074310826527,14.051689572101989,-2.238929639300584e-16,2.8850099890476613,True
2023-05-03,16.7856808181017,0.1684884887161159,13.95748682498865,-2.239377425225055e-16,2.8281939931130515,True
2023-05-04,16.680053410565474,0.16766311496275008,13.883423698005025,-2.2398301882215503e-16,2.7966297125604505,True
2023-05-05,17.127605591027297,0.17329510909652093,14.159475311568041,-2.240279487476192e-16,2.9681302794592574,True
2023-05-08,17.171231315289226,0.17426416266018496,14.178901068286002,-2.240731099366091e-16,2.9923302470032236,True
2023-05-09,17.03737416585755,0.17223673339605466,14.102912493883915,-2.241183069071979e-16,2.934461671973636,True
2023-05-10,17.241748259067734,0.17568728662640062,14.212592290736659,-2.2416386873730794e-16,3.029155968331077,True
2023-05-11,17.277774956641153,0.1767824551230662,14.2233674807423,-2.242089238963548e-16,3.0544074758988518,True
2023-05-12,17.21138264650741,0.17563044421252164,14.188539866789627,-2.2425354325045817e-16,3.0228427797177826,True
2023-05-15,17.320568789308805,0.17719611832321563,14.251431232693045,-2.242982871706204e-16,3.069137556615759,True
2023-05-16,17.2925917075418,0.1781520900307721,14.21188035279443,-2.2434279079902725e-16,3.0807113547473697,True
2023-05-17,17.575337078158345,0.18157191940516612,14.38414939068435,-2.243878196028187e-16,3.191187687473995,True
2023-05-18,17.949701688742103,0.187339529553871,14.587013018740834,-2.244331245705135e-16,3.3626886700012695,True
2023-05-19,17.89950554650319,0.18657170573098245,14.559964264950908,-2.2447876821191923e-16,3.339541281552281,True
2023-05-22,17.961631952233134,0.18785947095011038,14.587369276286019,-2.2452406482084466e-16,3.3742626759471146,True
2023-05-23,17.65685325616277,0.18371311117052241,14.413057810991736,-2.2456945966462063e-16,3.2437954451710316,True
2023-05-24,17.51506612863116,0.18219672503876483,14.323878441157168,-2.246153805534396e-16,3.191187687473995,True
2023-05-25,17.981779919561017,0.19028200856584968,14.560170718877883,-2.246615960588093e-16,3.4216092006831333,True
2023-05-26,18.520903722412317,0.19871811779002505,14.840464594924272,-2.247076249415255e-16,3.6804391274880444,True
2023-05-30,18.608938194590483,0.2005485601470057,14.87694243380074,-2.247532352371661e-16,3.731995760789741,True
2023-05-31,18.44963614254197,0.19817409747015538,14.793396151340955,-2.2479910451959144e-16,3.656239991201014,True
2023-06-01,18.737932870260526,0.20220009234517405,14.949121113536174,-2.248459198264607e-16,3.7888117567243507,True
2023-06-02,18.987305803567946,0.20403296887655267,15.113269429498978,-2.2489234337155183e-16,3.8740363740689667,True
2023-06-05,18.986570746641505,0.20448415368693532,15.104117896097394,-2.249388835939724e-16,3.882452850544112,True
2023-06-06,18.997528570838114,0.20414471353333044,15.119283542903107,-2.2498479076487084e-16,3.8782450279350074,True
2023-06-07,18.645331305671696,0.19739199412179373,14.964892178183653,-2.2503084122316643e-16,3.6804391274880444,True
2023-06-08,18.909730892331766,0.20130898557699417,15.10303214886251,-2.250768564571884e-16,3.8066987434692563,True
2023-06-09,18.998442519874825,0.20280577905083383,15.145448583879123,-2.251224077249053e-16,3.8529939359957006,True
2023-06-12,19.39184998934817,0.208837517043116,15.342104186700123,-2.251679235431642e-16,4.049745802648047,True
2023-06-13,19.59185439725968,0.21132408040259876,15.451623783377167,-2.2521344856392653e-16,4.140230613882513,True
2023-06-14,19.74558559318199,0.21415488398656943,15.516972001227224,-2.2525902747528357e-16,4.228613591954765,True
2023-06-15,20.082575206862245,0.2179485021690563,15.705608020829194,-2.253044368341085e-16,4.376967186033053,True
2023-06-16,19.92223468295911,0.2154775602564626,15.629440158618399,-2.253496318297244e-16,4.292794524340711,True
2023-06-20,19.849461064220577,0.21520741753087222,15.57770980921007,-2.253949253177447e-16,4.271751255010509,True
2023-06-21,19.532209012905753,0.20993792318108143,15.43165761759752,-2.254403173496097e-16,4.100551395308234,True
2023-06-22,19.787257154908303,0.21411298971132464,15.550548367284089,-2.2548625528933946e-16,4.236708787624217,True
2023-06-23,19.5257938442871,0.21054748035671147,15.414687148407864,-2.255322025898363e-16,4.111106695879236,True
2023-06-26,19.22843933458846,0.20535011866087377,15.279877035567308,-2.2557818610013343e-16,3.948562299021153,True
2023-06-27,19.638824363149464,0.21100178760144386,15.49499731613414,-2.256243311634935e-16,4.143827047015324,True
2023-06-28,19.6831842512068,0.21181318461543402,15.514026311586331,-2.256707094966957e-16,4.16915793962047,True
2023-06-29,19.66972387282203,0.2105093078510918,15.529063914732166,-2.2571700781357324e-16,4.140659958089862,True
2023-06-30,20.067901470048525,0.21564187831656753,15.740421503175456,-2.257633604151005e-16,4.327479966873071,True
2023-07-03,20.125044142302364,0.2164980913285941,15.768010497590199,-2.258095254376664e-16,4.357033644712165,True
2023-07-05,20.10994103575819,0.21650328116620576,15.756072817457616,-2.258556282156057e-16,4.353868218300574,True
2023-07-06,19.885870841934526,0.21379428943983694,15.634385215390763,-2.2590217060612703e-16,4.251485626543764,True
2023-07-07,19.796904732401075,0.21256912951680484,15.588693926307462,-2.25948901874971e-16,4.208210806093611,True
2023-07-10,19.822354759443083,0.2124559844744395,15.610976864424012,-2.2599564281088226e-16,4.211377895019072,True
2023-07-11,19.97079000204562,0.21388939122144274,15.699249886296808,-2.26042501033586e-16,4.271540115748813,True
2023-07-12,20.291410923025825,0.2183121999467796,15.861548364395944,-2.260895304319914e-16,4.429862558629882,True
2023-07-13,20.709605877162826,0.22455565103797315,16.059146846676693,-2.261364529815339e-16,4.650459030486133,True
2023-07-14,20.69868933085666,0.2244700701085352,16.052453085604476,-2.2618332245395996e-16,4.646236245252184,True
2023-07-17,20.93028151423795,0.2281386542236107,16.15527525705839,-2.2623012983733733e-16,4.775006257179563,True
2023-07-18,21.17037724336157,0.23093576915725977,16.28137989131652,-2.262771084970422e-16,4.888997352045053,True
2023-07-19,21.186578205807834,0.23075917708621974,16.29758085376278,-2.2632423160411337e-16,4.888997352045053,True
2023-07-20,20.601638928019256,0.2206604197307337,16.055672635021505,-2.2637133757906824e-16,4.545966292997751,True
2023-07-21,20.53745266815507,0.21939708820726056,16.03159535356741,-2.264184353937442e-16,4.505857314587656,True
2023-07-24,20.604006797716483,0.2195592967351395,16.08020555528382,-2.2646558793270324e-16,4.523801242432665,True
2023-07-25,20.771223072163757,0.22216178556366287,16.156651066110705,-2.2651276826352255e-16,4.614572006053051,True
2023-07-26,20.698096426322582,0.22065196495298098,16.13102077906823,-2.265600932514061e-16,4.5670756472543514,True
2023-07-27,20.586342284356174,0.21995279926337621,16.058318672318027,-2.266074551006033e-16,4.528023612038147,True
2023-07-28,21.056070782882873,0.2266754758652607,16.283175918320286,-2.2665482685068254e-16,4.772894864562588,True
2023-07-31,21.085317357602765,0.2268115953730574,16.302922888777662,-2.2670209157850153e-16,4.782394468825102,True
2023-08-01,21.006141304589235,0.22590786715805458,16.260688725248766,-2.267493031899883e-16,4.745452579340468,True
2023-08-02,20.40431576954628,0.21736284906622008,15.969175560630896,-2.267966326100946e-16,4.435140208915382,True
2023-08-03,20.33697300248422,0.2165256338383471,15.933497032767974,-2.268439719092787e-16,4.403475969716249,True
2023-08-04,20.202425249445987,0.2149374435709709,15.860167612396431,-2.268913030831253e-16,4.3422576370495545,True
2023-08-07,20.446445418586617,0.217637725677575,15.996527539494751,-2.269385991135126e-16,4.449917879091864,True
2023-08-08,20.229664537498103,0.2143349781231853,15.89373983141407,-2.2698596804538875e-16,4.335924706084033,True
2023-08-09,19.94456434915155,0.2101486566685687,15.753240943337525,-2.270334819740827e-16,4.191323405814024,True
2023-08-10,19.980949229043205,0.21071682583481532,15.770627030332621,-2.2708105089600556e-16,4.2103221987105846,True
2023-08-11,19.841636624236273,0.20794068619113182,15.715753089437488,-2.2712852165016057e-16,4.125883534798783,True
2023-08-14,20.110409546896648,0.2119845337920619,15.847313754730331,-2.2717597528651626e-16,4.263095792166316,True
2023-08-15,19.803145201204952,0.20866467621220794,15.670928319812182,-2.272234839129221e-16,4.132216881392771,True
2023-08-16,19.525465866488766,0.20460476612731637,15.530462489348931,-2.272710926447766e-16,3.995003377139833,True
2023-08-17,19.24637441539874,0.20055212385433072,15.386473149894869,-2.273187564419968e-16,3.8599012655038702,True
2023-08-18,19.222478605725097,0.19986803361708355,15.380519605552363,-2.2736636709155045e-16,3.841959000172733,True
2023-08-21,19.582180372956756,0.20568312962057733,15.554456229052366,-2.274139877128899e-16,4.02772414390439,True
2023-08-22,19.532059150874034,0.20529228466609903,15.522278103557717,-2.274616363598279e-16,4.0097810473163165,True
2023-08-23,19.92981369188476,0.21067494727390135,15.731101243168263,-2.275094303829183e-16,4.198712448716499,True
2023-08-24,19.37613553390973,0.20242303316220506,15.453959408173741,-2.275572344484435e-16,3.9221761257359886,True
2023-08-25,19.58338752021089,0.205023642951083,15.568330069494479,-2.276051207979754e-16,4.015057450716412,True
2023-08-28,19.78105703079467,0.20751033468653893,15.676283265880953,-2.2765312560869226e-16,4.104773764913716,True
2023-08-29,20.327300457813262,0.21481129152714276,15.960766793210116,-2.277012128141365e-16,4.366533664603147,True
2023-08-30,20.477504297932274,0.2167921692961935,16.03814171941141,-2.2774928307172614e-16,4.439362578520863,True
2023-08-31,20.529921039094067,0.21819230172118045,16.050450313420043,-2.277973182880975e-16,4.479470725674023,True
2023-09-01,20.520564714518205,0.2175202211496411,16.056926939700684,-2.2784520996111884e-16,4.4636377748175216,True
2023-09-05,20.507683053808105,0.2182230318244554,16.032434282111094,-2.278928404609108e-16,4.475248771697011,True
2023-09-06,20.264973101068207,0.2150031792779679,15.907939456356043,-2.279405713491701e-16,4.357033644712165,True
2023-09-07,20.08867779301801,0.21216136704748892,15.826636450274776,-2.279885112329648e-16,4.262041342743234,True
2023-09-08,20.12432008479429,0.2124149671161177,15.849613295748483,-2.280363073957864e-16,4.274706789045807,True
2023-09-11,20.41547109184599,0.21652031350960496,15.99510689059322,-2.280842040714015e-16,4.420364201252771,True
2023-09-12,20.141483706710382,0.21244355131438375,15.862555379316031,-2.281321108072195e-16,4.278928327394351,True
2023-09-13,20.223164574055183,0.21367319970963727,15.90201629126223,-2.2818013623613505e-16,4.321148282792954,True
2023-09-14,20.4580630160199,0.2161726818184731,16.03558866903556,-2.2822817177516536e-16,4.422474346984342,True
2023-09-15,19.99724600114698,0.20980619985408638,15.801699810099006,-2.282761268619495e-16,4.195546191047973,True
2023-09-18,20.01961491595686,0.21004624622933546,15.814569951903309,-2.2832411919877077e-16,4.205044964053552,True
2023-09-19,19.961030340769344,0.2093936411702236,15.781317516206341,-2.28372139749378e-16,4.179712824563002,True
2023-09-20,19.593553265046726,0.20407142142469537,15.59506899948816,-2.2842026102116375e-16,3.998484265558566,True
2023-09-21,19.094057453396708,0.19748318044857174,15.323302259832168,-2.2846843775530653e-16,3.7707551935645385,True
2023-09-22,19.081078755452086,0.19778407462315506,15.307145250993454,-2.285165339863809e-16,3.773933504458634,True
2023-09-25,19.199397284139028,0.1991580741825023,15.375682295565133,-2.2856464034247495e-16,3.823714988573894,True
2023-09-26,18.800481755112784,0.19431337821800257,15.147296633150896,-2.286128293893143e-16,3.6531851219618874,True
2023-09-27,18.843495735988558,0.19505021502092612,15.168067840938086,-2.2866113745569895e-16,3.675427895050473,True
2023-09-28,19.039875431669948,0.19771136802713754,15.275475613008197,-2.2870950110034945e-16,3.7643998186617513,True
2023-09-29,19.035360917044173,0.19820344273670806,15.262486849550239,-2.287576753087585e-16,3.7728740674939356,True
2023-10-02,19.18604796414457,0.20133936296700733,15.323141289189255,-2.28805787043789e-16,3.862906674955316,True
2023-10-03,18.744603421334297,0.19517514252169152,15.086122777062789,-2.2885404509026637e-16,3.658480644271508,True
2023-10-04,19.05047014409879,0.19982543949085044,15.243701575046924,-2.289025403535879e-16,3.806768569051865,True
2023-10-05,18.98489219349857,0.1983956016094456,15.218373085278953,-2.289510004750767e-16,3.766519108219616,True
2023-10-06,19.392326933885982,0.20400416766156984,15.436211418717532,-2.289993800002299e-16,3.9561155151684524,True
2023-10-09,19.539358955666316,0.20545053053443277,15.524987291921953,-2.2904797875799167e-16,4.014371663744365,True
2023-10-10,19.688419574160612,0.20723053862004936,15.608377781229784,-2.2909658782948993e-16,4.080041792930826,True
2023-10-11,19.862927081648316,0.2097826427723928,15.6960297452648,-2.2914497993768556e-16,4.166897336383515,True
2023-10-12,19.739087208033776,0.20863041937782512,15.620913165686225,-2.29193491385174e-16,4.11817404234755,True
2023-10-13,19.44630472573047,0.20376472270478602,15.483833835659231,-2.29242013102844e-16,3.9624708900712395,True
2023-10-16,19.748753048632242,0.2074019355378374,15.652823441887149,-2.292904814148104e-16,4.095929606745094,True
2023-10-17,19.683568824177122,0.20609780931350347,15.626828410042645,-2.293389599743629e-16,4.056740414134478,True
2023-10-18,19.305367339846843,0.20124709175548153,15.42021830743141,-2.293875579934604e-16,3.8851490324154336,True
2023-10-19,19.061680323105612,0.1983742996930666,15.280332838036427,-2.294360752818177e-16,3.7813474850691837,True
2023-10-20,18.683290458225148,0.19326443317832212,15.072474917910311,-2.2948442074001683e-16,3.6108155403148374,True
2023-10-23,18.724745773536952,0.19453361123742072,15.082153358708178,-2.295326853223062e-16,3.642592414828774,True
2023-10-24,18.957703570796962,0.1975626914331662,15.212368629958169,-2.2958089629667903e-16,3.7453349408387933,True
2023-10-25,18.38803835135292,0.18876413056455885,14.917036279172022,-2.2962925405134914e-16,3.4710020721808985,True
2023-10-26,17.954204447128532,0.1820573286565639,14.68550994733051,-2.29677685777477e-16,3.2686944997980203,True
2023-10-27,18.002781364894766,0.1841548292189795,14.687482237175944,-2.297259910067797e-16,3.315299127718822,True
2023-10-30,18.280289310473485,0.1872114349860232,14.858010116700084,-2.297743519727661e-16,3.4222791937734014,True
2023-10-31,18.4122561262555,0.18857335363436575,14.940195240552603,-2.298227960671505e-16,3.472060885702896,True
2023-11-01,18.800585907688316,0.19419962130903007,15.149519244027358,-2.2987131421455243e-16,3.6510666636609583,True
2023-11-02,19.277090476171203,0.19945432951655612,15.432191320216488,-2.2991966016729773e-16,3.844899155954717,True
2023-11-03,19.57372162729203,0.20335823986915416,15.593244049477128,-2.2996774257224603e-16,3.980477577814903,True
2023-11-06,19.669006238558687,0.20468868267948961,15.642983261973445,-2.3001567989374317e-16,4.02602297658524,True
2023-11-07,19.878536231518865,0.20823252506573664,15.739178437418959,-2.30063691105207e-16,4.139357794099906,True
2023-11-08,19.89678175128264,0.20841423793071817,15.750009145315248,-2.301118310174604e-16,4.146772605967391,True
2023-11-09,19.676256969587687,0.2057437129205741,15.627990804285393,-2.301599353489988e-16,4.048266165302294,True
2023-11-10,20.24396558809949,0.2133160277505675,15.925603262926924,-2.3020800406893436e-16,4.318362325172564,True
2023-11-13,20.17235288522317,0.21213054945313944,15.893180583918156,-2.302559640697821e-16,4.279172301305014,True
2023-11-14,20.766621684784226,0.21901539520990115,16.218411829316707,-2.303040254358023e-16,4.548209855467521,True
2023-11-15,20.802603273709348,0.21924756866410022,16.24168308406472,-2.303520328562601e-16,4.5609201896446265,True
2023-11-16,20.82690179869776,0.21934775582131094,16.258567628442584,-2.304000685689197e-16,4.568334170255178,True
2023-11-17,20.842085103655354,0.219340417580896,16.270573453763017,-2.304480045834648e-16,4.571511649892337,True
2023-11-20,21.16687042186032,0.2236810767387223,16.43224205470959,-2.3049585912165027e-16,4.73462836715073,True
2023-11-21,21.015437852630164,0.22121040447255416,16.36660434508202,-2.305437693316001e-16,4.648833507548144,True
2023-11-22,21.134543922247456,0.22251971733213982,16.43169118272526,-2.3059184502740254e-16,4.702852739522197,True
2023-11-24,21.104714122162687,0.22173008773079333,16.42516400832224,-2.306400222509455e-16,4.679550113840445,True
2023-11-27,21.068985356561086,0.22145256068888666,16.403204598233977,-2.3068809971073654e-16,4.6657807583271085,True
2023-11-28,21.135673786638495,0.22250782194108412,16.4328210471163,-2.3073623296488413e-16,4.702852739522197,True
2023-11-29,21.104945074179746,0.22202881305313324,16.419039169808045,-2.307843945775114e-16,4.6859059043717,True
2023-11-30,21.077438415095692,0.22045917260471093,16.430723781476946,-2.3083238307650996e-16,4.646714633618746,True
2023-12-01,21.18868425213931,0.22115133948907606,16.50277834776761,-2.3088036323536637e-16,4.6859059043717,True
2023-12-04,20.935307115429435,0.21745300893287584,16.382861590245458,-2.3092814264526723e-16,4.552445525183976,True
2023-12-05,20.987095483440193,0.21848095146825863,16.401814893662987,-2.3097600525242946e-16,4.585280589777207,True
2023-12-06,20.82505743217026,0.21626457673968874,16.32133520102225,-2.3102406109380195e-16,4.503722231148011,True
2023-12-07,21.189884899153945,0.22143865524007467,16.49762528239333,-2.3107212693345926e-16,4.692259616760615,True
2023-12-08,21.3182509342535,0.22273865565075154,16.569852380332495,-2.3112011107609446e-16,4.748398553921002,True
2023-12-11,21.54199499576611,0.22603049386241494,16.672847228091424,-2.311681051830554e-16,4.8691477676746855,True
2023-12-12,21.764033642153585,0.22912656435373718,16.77731538724778,-2.312161092564113e-16,4.986718254905805,True
2023-12-13,22.162223469444243,0.23294349184266355,16.999677747474472,-2.312642609300182e-16,5.162545721969772,True
2023-12-14,22.173661393395157,0.23244123035028838,17.019588257743695,-2.31312193201697e-16,5.15407313565146,True
2023-12-15,22.262218329943146,0.234276129671278,17.046711981707084,-2.3136006197641297e-16,5.215506348236063,True
2023-12-18,22.472945256735727,0.23693393798910317,17.148341838843795,-2.3140803246457813e-16,5.324603417891933,True
2023-12-19,22.648335880443753,0.23860665800682157,17.244292146595086,-2.3145601289900505e-16,5.404043733848669,True
2023-12-20,22.160621805151813,0.23302291422917976,16.99668913098463,-2.315041226837725e-16,5.163932674167182,True
2023-12-21,22.5113648140819,0.23700083840309288,17.176152479546605,-2.3155216897607614e-16,5.335212334535296,True
2023-12-22,22.56274784718454,0.23740413352894568,17.206258244491607,-2.3160004146850466e-16,5.35648960269293,True
2023-12-26,22.749616359515244,0.23975630121678948,17.295252487056906,-2.316479054787576e-16,5.454363872458338,True
2023-12-27,22.81157918488646,0.24036426093361868,17.32849081338251,-2.316957334179684e-16,5.483088371503954,True
2023-12-28,22.796810404178842,0.23991327760373035,17.327552901201475,-2.3174386544953104e-16,5.469257502977367,True
2023-12-29,22.658700974236886,0.2380420704943181,17.264976879617915,-2.3179185114297897e-16,5.393724094618971,True
2024-01-02,22.19090107932158,0.23073938917254377,17.070586119090578,-2.3183949724413497e-16,5.120314960231004,True
2024-01-03,21.86704562708475,0.2266644231869311,16.91056434321928,-2.3188745673848286e-16,4.956481283865469,True
2024-01-04,21.713316987763264,0.22444758111450824,16.839815511887238,-2.3193562859828393e-16,4.873501475876025,True
2024-01-05,21.752918627593836,0.22487030610732325,16.861333157079116,-2.31983746038933e-16,4.89158547051472,True
2024-01-08,22.342206452266524,0.23212895875015963,17.155933332320796,-2.3203179981296677e-16,5.186273119945726,True
2024-01-09,22.38018324423975,0.2332562334625083,17.159865996487646,-2.320798635409962e-16,5.220317247752103,True
2024-01-10,22.59004977940899,0.23565728944277442,17.266539880016122,-2.32128029322375e-16,5.3235098993928665,True
2024-01-11,22.629743988272878,0.2363722183602864,17.280701200839463,-2.32176159041862e-16,5.349042787433415,True
2024-01-12,22.646543835954677,0.2364787153663849,17.291118242139593,-2.322242342475296e-16,5.3554255938150845,True
2024-01-16,22.61076768457263,0.23671173210372046,17.258533701762612,-2.3227213510304504e-16,5.352233982810016,True
2024-01-17,22.421569087158417,0.2345811967977221,17.161890576609984,-2.3232009192585814e-16,5.259678510548431,True
2024-01-18,22.845213640917464,0.24010347325226222,17.359998498543224,-2.3236816927962174e-16,5.485215142374242,True
2024-01-19,23.442579789269598,0.24750871593966775,17.640336967314273,-2.324161182651746e-16,5.802242821955325,True
2024-01-22,23.496150313883525,0.24794048314974212,17.67050345290028,-2.3246405870057554e-16,5.825646860983246,True
2024-01-23,23.627732651599096,0.24948641417008569,17.732934357382188,-2.3251202747283364e-16,5.894798294216909,True
2024-01-24,23.78343922111501,0.2519235723239543,17.791830250382073,-2.325600984121988e-16,5.991608970732939,True
2024-01-25,23.859707769678753,0.2518316762879654,17.851077566299562,-2.3260817929004005e-16,6.008630203379192,True
2024-01-26,23.684553429194796,0.24902263506272457,17.78656352397282,-2.3265613165239487e-16,5.897989905221977,True
2024-01-29,24.019459866244734,0.2527698945051089,17.948063529784356,-2.3270414005875264e-16,6.071396336460379,True
2024-01-30,23.831504597776217,0.2496744419818882,17.881386985737638,-2.3275215837160664e-16,5.95011761203858,True
2024-01-31,23.160495917817098,0.24179580025649638,17.560385273031194,-2.328002143039872e-16,5.600110644785903,True
2024-02-01,23.57668174423058,0.24592044360730134,17.778693710901234,-2.328481415880696e-16,5.797988033329347,True
2024-02-02,24.111992715116365,0.2525499784462323,18.022509474618015,-2.328961896155238e-16,6.089483240498348,True
2024-02-05,24.036567275826826,0.2520589179728077,17.977936136501317,-2.329443399788881e-16,6.058631139325509,True
2024-02-06,24.009513309227813,0.25088071367040754,17.985989475329593,-2.32992666687127e-16,6.0235238338982215,True
2024-02-07,24.356849665900704,0.25468462608057224,18.15353451624007,-2.330409571914786e-16,6.203315149660631,True
2024-02-08,24.403200014829622,0.25524713099226976,18.174353224013846,-2.330892577046122e-16,6.228846790815775,True
2024-02-09,24.728146830441077,0.25929277117079,18.316317112857824,-2.331375219796752e-16,6.411829717583254,True
2024-02-12,24.612760904384608,0.2574394775880704,18.27646459515975,-2.3318581475014425e-16,6.336296309224857,True
2024-02-13,24.044365688661557,0.25104801499359114,18.00807541074306,-2.332341915548174e-16,6.0362902779184955,True
2024-02-14,24.415803970313448,0.2550718393871255,18.188019941490115,-2.332826246690294e-16,6.227784028823333,True
2024-02-15,24.557755227285185,0.25572008768269255,18.277843907273716,-2.3333092898333077e-16,6.279911320011469,True
2024-02-16,24.257032358469704,0.2517854777849566,18.149463876447257,-2.3337924329969206e-16,6.1075684820224465,True
2024-02-20,23.997081671987786,0.2486167344947072,18.031005589295393,-2.334276139266495e-16,5.966076082692392,True
2024-02-21,23.894704758646327,0.24656536846641533,18.003098075434487,-2.3347590194686966e-16,5.8916066832118394,True
2024-02-22,24.85410469806799,0.2575506522344293,18.452913822377784,-2.335244037872611e-16,6.401190875690204,True
2024-02-23,24.77478562911821,0.2560134812287487,18.432106513511684,-2.3357289716657447e-16,6.3426791156065265,True
2024-02-26,24.72766855176445,0.2561571508234296,18.393499429038346,-2.3362146549703845e-16,6.334169122726102,True
2024-02-27,24.806237388437083,0.25693262273539014,18.432705756029247,-2.336701366356837e-16,6.373531632407834,True
2024-02-28,24.64178939978561,0.25445949628592124,18.371452081532407,-2.3371877154996594e-16,6.270337318253199,True
2024-02-29,24.90459478976707,0.2578401204094267,18.483191070425548,-2.3376737021303847e-16,6.421403719341523,True
2024-03-01,25.425195054842057,0.2641510099984475,18.709104101697996,-2.3381582128392e-16,6.716090953144062,True
2024-03-04,25.301995088645633,0.26228375735909004,18.665692748114413,-2.3386420817057373e-16,6.636302340531219,True
2024-03-05,24.68587506109887,0.25443603455824415,18.40489890095262,-2.33912679312275e-16,6.28097616014625,True
2024-03-06,24.906291106525757,0.2568401718145882,18.50935501946153,-2.3396117906335034e-16,6.3969360870642245,True
2024-03-07,25.423737079456995,0.2628271223743059,18.741689422862372,-2.3400973529235686e-16,6.682047656594622,True
2024-03-08,24.939664339669328,0.25619785228562914,18.550175899121555,-2.3405828302785263e-16,6.389488440547774,True
2024-03-11,24.822783425200313,0.2544041469038544,18.507764384133093,-2.341068408350773e-16,6.315019041067222,True
2024-03-12,25.323076719570356,0.2599648481296994,18.739966925990522,-2.341555201919183e-16,6.583109793579834,True
2024-03-13,25.083175257172257,0.2563437401039882,18.653260298064907,-2.3420420967097427e-16,6.429914959107352,True
2024-03-14,24.989094674359876,0.2552227717136663,18.611308668954532,-2.342528906880616e-16,6.377786005405345,True
2024-03-15,24.581599137758175,0.24997572125036652,18.43679616380969,-2.343015818238459e-16,6.1448029739484875,True
2024-03-18,24.897711891684086,0.2537667020941843,18.57950165524026,-2.343502830804304e-16,6.318210236443824,True
2024-03-19,25.016101188972584,0.2543093639404254,18.654272407335647,-2.3439899445991876e-16,6.361828781636938,True
2024-03-20,25.438776163815525,0.25896078901863523,18.851130616765406,-2.3444771596441516e-16,6.587645547050119,True
2024-03-21,25.59994298859877,0.2606669909216788,18.9268828819942,-2.3449635456352304e-16,6.67306010660457,True
2024-03-22,25.606707039048548,0.261140177418878,18.919767019758176,-2.3454500325321045e-16,6.686940019290371,True
2024-03-25,25.477906002500603,0.2597783430375252,18.859297797105178,-2.3459358757336015e-16,6.618608205395423,True
2024-03-26,25.368034196156117,0.2584623463970618,18.811352554336704,-2.346421633402151e-16,6.556681641819411,True
2024-03-27,25.536768793822425,0.25901228323102476,18.922432002191695,-2.3469074916533787e-16,6.614336791630729,True
2024-03-28,25.475881289859636,0.25799686355965146,18.90318382065784,-2.347393171134612e-16,6.572697469201794,True
2024-04-01,25.52001890531932,0.25914044447350393,18.906749863222647,-2.3478778333104294e-16,6.613269042096672,True
2024-04-02,25.201092646514276,0.2553870619988841,18.76505963635931,-2.3483639930874914e-16,6.436033010154963,True
2024-04-03,25.275162206203674,0.25632832854887777,18.79642212408572,-2.348849787574592e-16,6.4787400821179535,True
2024-04-04,24.711384880249362,0.24981931209802377,18.538003708475962,-2.349335402950896e-16,6.173381171773401,True
2024-04-05,25.135250612755,0.25427199981370463,18.74406017363114,-2.349820466135931e-16,6.391190439123859,True
2024-04-08,25.147530072379414,0.25431764422175007,18.752069466376266,-2.350306748441068e-16,6.395460606003149,True
2024-04-09,25.259258691385693,0.2558134193646034,18.79760135492724,-2.3507938774991496e-16,6.461657336458451,True
2024-04-10,24.91334801687507,0.25255113444037786,18.621453712505332,-2.3512808276399165e-16,6.291894304369737,True
2024-04-11,25.428041270766432,0.25907011385197265,18.840395723716313,-2.3517700246816256e-16,6.587645547050119,True
2024-04-12,24.829666656160743,0.25249927426973195,18.560193845120793,-2.352258856871781e-16,6.269472811039949,True
2024-04-15,24.245769447002957,0.24558944186784157,18.291264460857136,-2.3527470439299674e-16,5.954504986145822,True
2024-04-16,24.231004870919694,0.245783134119991,18.275432550868285,-2.3532360792005486e-16,5.95557232005141,True
2024-04-17,23.84442104622515,0.24049905108782524,18.109860410869434,-2.353724749197996e-16,5.7345606353557175,True
2024-04-18,23.671619856639886,0.23792469415368314,18.039556942126588,-2.3542141744816097e-16,5.632062914513297,True
2024-04-19,23.057145223152407,0.22912322705297744,17.774217702994584,-2.354703981822429e-16,5.282927520157823,True
2024-04-22,23.38210917584148,0.232514299030019,17.945434450977324,-2.355194077938111e-16,5.436674724864157,True
2024-04-23,23.86485100092777,0.23796671318563015,18.185810847572192,-2.3556842760599065e-16,5.679040153355578,True
2024-04-24,23.94685799524679,0.23947027357384296,18.212297359891075,-2.356174576209047e-16,5.7345606353557175,True
2024-04-25,23.776462260092863,0.23732460770952762,18.133722681495936,-2.35666591341808e-16,5.642739578596927,True
2024-04-26,24.26172748266,0.24327155486329857,18.35953931428368,-2.3571564178802297e-16,5.902188168376321,True
2024-04-29,24.40197714346408,0.2447611122081004,18.429322077753167,-2.3576463696706674e-16,5.972655065710913,True
2024-04-30,23.74059116587739,0.237188480691427,18.109596416526617,-2.3581368910987677e-16,5.630994749350772,True
2024-05-01,23.524001847678388,0.2341981601683778,18.01472389515459,-2.3586277017227336e-16,5.5092779525237985,True
2024-05-02,23.92714425229368,0.23877512633010164,18.21393736073369,-2.359119082493926e-16,5.713206891559989,True
2024-05-03,24.56365724038958,0.24645355722181797,18.509856535118104,-2.3596094422382163e-16,6.053800705271477,True
2024-05-06,24.959193386903475,0.25050452551556096,18.706802490266092,-2.3600996230217545e-16,6.252390896637382,True
2024-05-07,24.971004549858566,0.25038603810084986,18.718613653221183,-2.360590373874312e-16,6.252390896637382,True
2024-05-08,24.95463525664838,0.25007961797799205,18.713989604885622,-2.361081507818846e-16,6.240645651762759,True
2024-05-09,25.063128155659548,0.25036027106190684,18.788316596949315,-2.361572931320366e-16,6.274811558710233,True
2024-05-10,25.140088541935462,0.251292633109212,18.82256949563377,-2.362063988527493e-16,6.317519046301693,True
2024-05-13,25.20470783033537,0.25230045286753666,18.845548630347807,-2.362555429065744e-16,6.359159199987562,True
2024-05-14,25.42706270378478,0.2547550219393307,18.94939078682935,-2.363046690570012e-16,6.47767191695543,True
2024-05-15,25.99143594401861,0.2607253247406882,19.21481036703756,-2.3635375854009895e-16,6.776625576981047,True
2024-05-16,25.910513849662628,0.2599325622652523,19.175527595110516,-2.364029051131407e-16,6.734986254552113,True
2024-05-17,25.904679344492337,0.2594140491649855,19.184641583417015,-2.3645209005118523e-16,6.72003776107532,True
2024-05-20,26.12141632119219,0.262575229596903,19.26257943325886,-2.3650125707093714e-16,6.858836887933328,True
2024-05-21,26.19911477930526,0.2631414018898801,19.305042988004995,-2.36550434314307e-16,6.894071791300262,True
2024-05-22,26.165142669525057,0.26331982516528346,19.275341876361022,-2.365996217834207e-16,6.889800793164036,True
2024-05-23,25.94889552122973,0.2615642215346009,19.161592864536583,-2.3664886642584835e-16,6.787302656693146,True
2024-05-24,26.292935576427805,0.2653698396814752,19.3155834777558,-2.3669812131780553e-16,6.977352098672003,True
2024-05-28,26.411974021689254,0.2670439452153366,19.358816278012373,-2.3674738646142555e-16,7.053157743676879,True
2024-05-29,26.128629525586227,0.2643007273889747,19.222813736296747,-2.367966900454917e-16,6.905815789289481,True
2024-05-30,25.73981897357047,0.25966527554756696,19.0560817872538,-2.368460226892512e-16,6.683737186316669,True
2024-05-31,25.801404264000553,0.25875578149305883,19.12514174005075,-2.368953468147038e-16,6.676262523949804,True
2024-06-03,25.925672192231566,0.2600276457592123,19.184280687360516,-2.3694465300783607e-16,6.74139150487105,True
2024-06-04,26.012828241029,0.26108555332392863,19.221254586199624,-2.369939506595405e-16,6.7915736548293735,True
2024-06-05,26.73079493980007,0.2694108816512334,19.529227907830204,-2.3704323035189015e-16,7.201567031969866,True
2024-06-06,26.718697419124915,0.26921316271012274,19.5256723834275,-2.3709252029128656e-16,7.193025035697412,True
2024-06-07,26.671500542848943,0.2686887962668356,19.505167167360607,-2.371417546211141e-16,7.166333375488335,True
2024-06-10,26.816829184971333,0.27005942082212964,19.57469182699199,-2.3719104622789205e-16,7.242137357979341,True
2024-06-11,27.057046626036943,0.27318631311082986,19.665431814602094,-2.372403010174897e-16,7.3916148114348506,True
2024-06-12,27.558067132019744,0.2787965265001529,19.87497373855461,-2.3728967900763597e-16,7.6830933934651355,True
2024-06-13,27.754723951535592,0.2812450067177058,19.948846427337894,-2.3733904844391684e-16,7.805877524197697,True
2024-06-14,27.92564611756582,0.2835763628411771,20.006592961556667,-2.373883998946916e-16,7.919053156009153,True
2024-06-17,28.415012528540156,0.2888002680073294,20.208749294866138,-2.3743776160743423e-16,8.206263233674019,True
2024-06-18,28.44808084261178,0.28861469697146885,20.237546610801534,-2.3748716185312287e-16,8.210534231810247,True
2024-06-20,28.149341866683447,0.2848123530672233,20.13206157233963,-2.37536496985028e-16,8.017280294343816,True
2024-06-21,28.035207276577225,0.2833441144664086,20.091596296913234,-2.375857481030476e-16,7.943610979663989,True
2024-06-24,27.61912549717994,0.2778709049993743,19.944574099987257,-2.376349151551353e-16,7.674551397192682,True
2024-06-25,28.02781331253705,0.2829617397574409,20.097014496024805,-2.3768404523120765e-16,7.930798816512245,True
2024-06-26,28.1107315148994,0.2838923760336821,20.130309153089698,-2.377333080796215e-16,7.980422361809699,True
2024-06-27,28.21045588379986,0.2849403720315304,20.17215808909085,-2.3778264717508935e-16,8.038297794709008,True
2024-06-28,27.991937967077863,0.28264663378332106,20.080110927611766,-2.3783193045993008e-16,7.911827039466098,True
2024-07-01,28.201172166173837,0.28514818636447375,20.15965906963709,-2.3788112957940813e-16,8.041513096536747,True
2024-07-02,28.621352333537637,0.2895747406256444,20.333331655198293,-2.379303860761827e-16,8.288020678339343,True
2024-07-03,28.955117436605498,0.2932696451163014,20.46346042167137,-2.3797974719116024e-16,8.491657014934125,True
2024-07-05,29.378030273750994,0.29780361628741087,20.629146618826912,-2.380291374325233e-16,8.74888365492408,True
2024-07-08,29.47233491634171,0.2988144061732725,20.665576659775255,-2.3807849069523696e-16,8.806758256566452,True
2024-07-09,29.510610592470087,0.2990805360878573,20.684561356194134,-2.381277880582929e-16,8.826049236275953,True
2024-07-10,29.997302078483905,0.30344621204322636,20.89473439125156,-2.381771617753522e-16,9.102567687232343,True
2024-07-11,29.080054804995747,0.2924519609929003,20.575535751493728,-2.382265457296205e-16,8.504519053502019,True
2024-07-12,29.34364433779144,0.29453659308989955,20.70086730569663,-2.382756846809617e-16,8.642777032094811,True
2024-07-15,29.464234258096766,0.2955136384125405,20.75715118944717,-2.383248337681865e-16,8.707083068649597,True
2024-07-16,29.536187413687465,0.29501148477694356,20.822672910125455,-2.3837394570562996e-16,8.713514503562012,True
2024-07-17,28.318268704662277,0.2806384907817388,20.37107251383411,-2.384230677636402e-16,7.9471961908281665,True
2024-07-18,28.072823621249345,0.2788543574227212,20.24459442930447,-2.3847221886990844e-16,7.828229191944875,True
2024-07-19,27.703676728224114,0.2749100842204068,20.0876566256531,-2.385213611792094e-16,7.616020102571015,True
2024-07-22,28.289105540295573,0.28096573545638026,20.340836196763266,-2.3857051361533593e-16,7.948269343532306,True
2024-07-23,28.15155996226814,0.2792927295111878,20.2890339404084,-2.386196477811817e-16,7.86252602185974,True
2024-07-24,26.710002109239014,0.26262647395358063,19.69524843599687,-2.3866863109087585e-16,7.014753673242144,True
2024-07-25,26.31644944697303,0.2576756151096393,19.535342148222526,-2.387175960448817e-16,6.781107298750504,True
2024-07-26,26.72001377367119,0.2610440043728165,19.744914381295253,-2.3876647631310264e-16,6.97509939237594,True
2024-07-29,26.786375203845527,0.26191773887118075,19.770548377899242,-2.388153192192728e-16,7.0158268259462835,True
2024-07-30,26.31438771392858,0.2557407963531893,19.584725244421904,-2.3886409629898895e-16,6.729662469506675,True
2024-07-31,27.351755962677107,0.26755379212203406,20.03368993366639,-2.389127696001464e-16,7.3180660290107165,True
2024-08-01,26.439973800429662,0.25683664010969276,19.649219764939005,-2.389614528194551e-16,6.790754035490658,True
2024-08-02,25.528709301401154,0.24660841918373005,19.23311465678163,-2.3900995630264865e-16,6.295594644619524,True
2024-08-05,24.413160622466727,0.23539953313453535,18.66631400959964,-2.3905766345067838e-16,5.74684661286709,True
2024-08-06,24.732004636481566,0.23817172150552984,18.841540515928006,-2.3910566471113003e-16,5.890464120553561,True
2024-08-07,24.377310239469054,0.2338551885117317,18.676549758009052,-2.391538653761495e-16,5.700760481460003,True
2024-08-08,25.400804653291132,0.24498095420408608,19.17809129177628,-2.392020757578108e-16,6.2227133615148515,True
2024-08-09,25.577837570722657,0.24659565192105778,19.27045404023938,-2.3925032433697255e-16,6.307383530483278,True
2024-08-12,25.646520677679305,0.24760687250718771,19.29626590198821,-2.3929850669214627e-16,6.350254775691093,True
2024-08-13,26.506520763674533,0.25700050576995226,19.694331521208436,-2.393466797601421e-16,6.812189242466097,True
2024-08-14,26.55257034131487,0.2569987779191373,19.728592212985017,-2.39394672568334e-16,6.823978128329851,True
2024-08-15,27.484229518130924,0.26696607972509745,20.14687250941071,-2.39442769999906e-16,7.3373570087202165,True
2024-08-16,27.539058156538193,0.2671351518408389,20.182407674337668,-2.3949103862106994e-16,7.356650482200524,True
2024-08-19,28.05319351362824,0.2724018455233496,20.411451827692247,-2.3953926945342404e-16,7.641741685935994,True
2024-08-20,27.968022282641876,0.27154528136516193,20.37343780267477,-2.3958739593634756e-16,7.594584479967107,True
2024-08-21,28.154504665684158,0.2734392140817285,20.455959037039126,-2.3963524686340784e-16,7.698545628645034,True
2024-08-22,27.542304331644267,0.26609187584438676,20.213520906960067,-2.39682841087137e-16,7.328783424684202,True
2024-08-23,27.9897361288457,0.2700709453833585,20.430521631497598,-2.3973063498790374e-16,7.559214497348103,True
2024-08-26,27.644354854236084,0.26541972302876427,20.30699784551587,-2.397782005900839e-16,7.3373570087202165,True
2024-08-27,27.750793446356205,0.26664180761937556,20.351271718947867,-2.3982575660124684e-16,7.39952172740834,True
2024-08-28,27.32545628899903,0.2616141379476936,20.176730597925165,-2.398730365355025e-16,7.148725691073864,True
2024-08-29,27.274078271300944,0.2607315509377662,20.16286554322662,-2.3992020204652363e-16,7.111212728074324,True
2024-08-30,27.73270241529714,0.2651538752964377,20.379268897438227,-2.399674720401653e-16,7.353433517858914,True
2024-09-03,26.54271312794272,0.2517641810040089,19.860208695661864,-2.400147799126071e-16,6.682504432280853,True
2024-09-04,26.439781485617246,0.2505958868523959,19.814080996045433,-2.400621161588693e-16,6.625700489571812,True
2024-09-05,26.446369844229608,0.2513439897924619,19.79923373205389,-2.4010925216441557e-16,6.64713611217572,True
2024-09-06,25.475474030581367,0.2397613802919313,19.367439213417928,-2.401562449767229e-16,6.108034817163439,True
2024-09-09,25.935638736428288,0.2442681216038221,19.600388979685626,-2.402030182643623e-16,6.335249756742664,True
2024-09-10,26.23930888446158,0.24793572228385874,19.733646883963324,-2.402496767472918e-16,6.505662000498253,True
2024-09-11,26.96956856680643,0.2566017323293964,20.049130552387464,-2.40295772270952e-16,6.920438014418967,True
2024-09-12,27.357119812738347,0.26044942982319325,20.231973555905864,-2.4034225806023064e-16,7.125146256832485,True
2024-09-13,27.54851575901099,0.26202464310534856,20.330125749174066,-2.403884190350594e-16,7.218390009836925,True
2024-09-16,27.42216014259203,0.2597144396346435,20.300229187587284,-2.404338543542108e-16,7.121930955004745,True
2024-09-17,27.43595922629006,0.2597400921725786,20.30974064801037,-2.404791265213296e-16,7.126218578279689,True
2024-09-18,27.268629599859008,0.25791449473176353,20.23565477458376,-2.4052431178705125e-16,7.0329748252752475,True
2024-09-19,28.228706635620718,0.26797453173163815,20.66413219355047,-2.405683601856166e-16,7.564574442070249,True
2024-09-20,28.142947628303403,0.2670772983752475,20.626605207420052,-2.406122066325504e-16,7.516342420883352,True
2024-09-23,28.251789535073243,0.26802109987612255,20.679713830414183,-2.4065560276340367e-16,7.57207570465906,True
2024-09-24,28.43842868128293,0.2700308763097303,20.759174863604333,-2.4069860562558287e-16,7.679253817678598,True
2024-09-25,28.45203950545617,0.2708464305512224,20.745906163501,-2.407415397606916e-16,7.706133341955169,True
2024-09-26,28.734533691398592,0.2738714508172324,20.864965260778614,-2.4078440512918967e-16,7.869568430619978,True
2024-09-27,28.525951167678002,0.2711247078058471,20.791860992457444,-2.408270965857969e-16,7.73409017522056,True
2024-09-30,28.656015227441102,0.27199532836312135,20.861712956074655,-2.4086992940391517e-16,7.7943022713664485,True
2024-10-01,28.08714730450911,0.2657517475418882,20.62293882486938,-2.4091292277603325e-16,7.464208479639731,True
2024-10-02,28.134025847734307,0.26630260888352547,20.641861366086122,-2.409557708589521e-16,7.492164481648185,True
2024-10-03,28.09024400453238,0.2661052280962184,20.61528321642786,-2.4099854050875374e-16,7.474960788104521,True
2024-10-04,28.569986049946433,0.27085733447055876,20.831595782596892,-2.410412412436801e-16,7.73839026734954,True
2024-10-07,28.109423671671717,0.2662296716676615,20.625861036795364,-2.4108433214921133e-16,7.483562634876352,True
2024-10-08,28.68569652089274,0.27220115959377805,20.87741666415053,-2.411276220946862e-16,7.8082798567422085,True
2024-10-09,29.02829993109247,0.27547065650518876,21.0318550918449,-2.4117094851704376e-16,7.996444839247568,True
2024-10-10,28.969999674994206,0.27506005377604975,21.001510006498155,-2.4121434971604078e-16,7.96848966849605,True
2024-10-11,29.069722522893834,0.27481919723871057,21.080804715200085,-2.4125771086900993e-16,7.988917807693747,True
2024-10-14,29.44866874351012,0.2782200471393636,21.25545873749923,-2.413009362075957e-16,8.193210006010888,True
2024-10-15,28.897168133840296,0.27221850765902533,21.03082414887435,-2.4134419801950684e-16,7.866343984965947,True
2024-10-16,28.939856857223507,0.2716683178189493,21.077814626900413,-2.4138743885370664e-16,7.862042230323095,True
2024-10-17,28.97171414859875,0.27218602275258064,21.086018502166986,-2.4143057248801903e-16,7.885695646431762,True
2024-10-18,29.22115480389018,0.2746460812495203,21.195679147416147,-2.4147382879764395e-16,8.025475656474033,True
2024-10-21,29.268193254323876,0.2757108932359214,21.198633548772673,-2.4151707369415694e-16,8.069559705551205,True
2024-10-22,29.297772440797715,0.27623993600632196,21.20455765662397,-2.4156037425643283e-16,8.093214784173744,True
2024-10-23,28.664249292062834,0.26929141012774854,20.945213179949917,-2.4160351003755006e-16,7.719036112112918,True
2024-10-24,28.95568445039372,0.27293084207746876,21.05278511041829,-2.416467014597869e-16,7.902899339975425,True
2024-10-25,29.149518670746502,0.27568990266051013,21.113290705807678,-2.4168972799735376e-16,8.036227964938826,True
2024-10-28,29.191384852212842,0.27555230334915126,21.14763151823407,-2.417329827881707e-16,8.043753333978772,True
2024-10-29,29.53266797154586,0.2799044675386559,21.266342267974398,-2.4177597672461613e-16,8.26632570357146,True
2024-10-30,29.236275910349725,0.27645321519379074,21.153813434640774,-2.418189591206613e-16,8.082462475708953,True
2024-10-31,28.146917159873976,0.26530198255385773,20.67948423458021,-2.418617860242803e-16,7.467432925293764,True
2024-11-01,28.42619191582228,0.2682936607603652,20.799624825249623,-2.419043229875505e-16,7.626567090572658,True
2024-11-04,28.30253048954944,0.26695855654150236,20.74692780358746,-2.4194656025120984e-16,7.555602685961979,True
2024-11-05,28.847382589698043,0.2718682438326419,21.004695345868505,-2.419889777098099e-16,7.842687243829537,True
2024-11-06,30.03033869813359,0.282355115401593,21.551118949473157,-2.4203145061513746e-16,8.479219748660435,True
2024-11-07,30.680066343358853,0.2893076486058573,21.804088490490003,-2.4207399820579925e-16,8.875977852868852,True
2024-11-08,30.761535116731455,0.2892405218411554,21.864052646933022,-2.421164572173286e-16,8.897482469798433,True
2024-11-11,30.74944439502475,0.2888297257465173,21.86809080355197,-2.421589524973325e-16,8.88135359147278,True
2024-11-12,30.6473045731372,0.2882135555487615,21.814335954127507,-2.4220137836106413e-16,8.83296861900969,True
2024-11-13,30.599860412763448,0.28739546589974724,21.805599272970063,-2.4224388854607626e-16,8.794261139793383,True
2024-11-14,30.26796801201097,0.28440117897270506,21.659722224286927,-2.4228608896823393e-16,8.608245787724044,True
2024-11-15,29.24866719242061,0.27302757005119743,21.26297466163783,-2.4232822944057496e-16,7.985692530782778,True
2024-11-18,29.527373942584973,0.27591263317497483,21.380398447344213,-2.4237047340654475e-16,8.146975495240758,True
2024-11-19,29.803431406135967,0.27884070258224286,21.493021653487332,-2.4241282091308536e-16,8.310409752648635,True
2024-11-20,29.79120869598214,0.2786303169711682,21.490474774066413,-2.42455223917559e-16,8.300733921915725,True
2024-11-21,29.969260323807358,0.2797016190730686,21.586809688816164,-2.424976535802765e-16,8.382450634991194,True
2024-11-22,30.051210497464503,0.2799765003102765,21.63757775229695,-2.4254011953944917e-16,8.413632745167554,True
2024-11-25,30.143726164588006,0.28040127975474033,21.69138677146108,-2.4258261218304103e-16,8.452339393126927,True
2024-11-26,30.389767388864893,0.2824476227989311,21.806249832467525,-2.426250160107221e-16,8.583517556397368,True
2024-11-27,30.06336734562001,0.27861147933358954,21.68736809570769,-2.426673309686879e-16,8.37599924991232,True
2024-11-29,30.43997982247044,0.28219362037415974,21.850011712251135,-2.427095570124117e-16,8.589968110219306,True
2024-12-02,30.85699926477651,0.2874048632037714,21.988547612204542,-2.4275167482701483e-16,8.868451652571967,True
2024-12-03,30.97429580530149,0.28885059974348354,22.02735188530809,-2.427938673811229e-16,8.946943919993402,True
2024-12-04,31.50571694644692,0.2943532689022378,22.23190617415164,-2.42835845668806e-16,9.273810772295281,True
2024-12-05,31.38027874552342,0.2930971350640348,22.182808947699684,-2.4287771557747594e-16,9.197469797823738,True
2024-12-06,31.737119687810974,0.29725507057955974,22.303099935018786,-2.4291944813659977e-16,9.434019752792187,True
2024-12-09,31.372426746794527,0.29368460242211863,22.158828070645136,-2.429608504797855e-16,9.213598676149392,True
2024-12-10,31.20023206729167,0.29210050215832745,22.08662861297942,-2.430022405982325e-16,9.113603454312248,True
2024-12-11,31.970382490876492,0.300299220766742,22.36970154125159,-2.4304356062060886e-16,9.600680949624902,True
2024-12-12,31.65024747538079,0.29732354700330804,22.23988363246808,-2.4308459833403163e-16,9.410363842912712,True
2024-12-13,31.935302154530213,0.3009994402681458,22.322794081222508,-2.4312533429715937e-16,9.612508073307705,True
2024-12-16,32.561954824464415,0.30805181034142093,22.531185692532585,-2.431660288465363e-16,10.030769131931828,True
2024-12-17,32.331523517703005,0.3060903244348704,22.43515699469565,-2.4320682670407005e-16,9.896366523007355,True
2024-12-18,30.522659916823663,0.2891791625626233,21.696142682892848,-2.4324774721556054e-16,8.826517233930817,True
2024-12-19,30.34628862209598,0.28674977014026587,21.644497335099793,-2.432885973915762e-16,8.701791286996187,True
2024-12-20,30.796580940792232,0.28988896366981526,21.868992007292388,-2.433293385753043e-16,8.927588933499845,True
2024-12-23,31.217252273492953,0.29394809908778263,22.041000308955937,-2.4337003830543225e-16,9.176251964537014,True
2024-12-24,31.853816244065605,0.29952097643051695,22.312930099604813,-2.434107448430748e-16,9.540886144460792,True
2024-12-26,31.826483604458968,0.2991341779776008,22.306094593521546,-2.4345131329870634e-16,9.520389010937421,True
2024-12-27,31.173534579632193,0.2929761000444624,22.040433993890364,-2.434920334305596e-16,9.133100585741829,True
2024-12-30,30.53441636615601,0.28709604336970457,21.768106240829468,-2.435324028634632e-16,8.766310125326543,True
2024-12-31,30.17257495491944,0.2829233153635749,21.636050015617666,-2.435728176471058e-16,8.536524939301774,True
2025-01-02,30.070896005742853,0.28208619640454485,21.58831132900623,-2.436134904431875e-16,8.482584676736622,True
2025-01-03,30.789215086413805,0.28871447584035237,21.899922991203976,-2.4365417003098085e-16,8.88929209520983,True
2025-01-06,31.281282363132924,0.2938636947596343,22.0888491510833,-2.4369471137605634e-16,9.192433212049625,True
2025-01-07,30.464188146572127,0.28549149951574093,21.766921391077588,-2.437352304575885e-16,8.697266755494537,True
2025-01-08,30.488463420619894,0.28547647029368856,21.78472449862309,-2.437758820127611e-16,8.703738921996806,True
2025-01-10,29.736023112277365,0.2787326793068655,21.44762171826142,-2.4381655969392243e-16,8.288401394015947,True
2025-01-13,29.631883932989084,0.2767997412421447,21.42978612782044,-2.43857321563854e-16,8.202097805168643,True
2025-01-14,29.6073249141052,0.27604553111743674,21.434355183224515,-2.438981386339549e-16,8.172969730880686,True
2025-01-15,30.601177463875572,0.28513001521154174,21.87586326810964,-2.4393891414246025e-16,8.72531419576593,True
2025-01-16,30.325511173931545,0.2818522587813521,21.778197350859806,-2.4397961902799034e-16,8.54731382307174,True
2025-01-17,31.04043743732724,0.2889496494907373,22.071313919772372,-2.4402023389083576e-16,8.969123517554866,True
2025-01-21,31.355048939669786,0.2907983548283394,22.237052292451747,-2.440608361448678e-16,9.11799664721804,True
2025-01-22,31.913557592589108,0.2967968314766736,22.44171481796032,-2.4410148389628907e-16,9.471842774628787,True
2025-01-23,32.056912829005086,0.29728680710851224,22.526815568314262,-2.4414231277691886e-16,9.530097260690827,True
2025-01-24,31.788852795849415,0.2943978490151039,22.430282910093574,-2.4418312910707585e-16,9.35856988575584,True
2025-01-27,30.48272071797054,0.28008011456048515,21.945116807166077,-2.4422387474355463e-16,8.537603910804464,True
2025-01-28,31.117831392160774,0.28653224944006206,22.20156916566837,-2.4426446242755475e-16,8.916262226492405,True
2025-01-29,30.99220110757114,0.28591847870591663,22.130958115146576,-2.4430507624150507e-16,8.861242992424565,True
2025-01-30,31.209871373233383,0.28748464427328774,22.23751260368432,-2.4434567742042144e-16,8.972358769549066,True
2025-01-31,31.08599528885965,0.2870686069908596,22.162181924362283,-2.4438622716891833e-16,8.923813364497365,True
2025-02-03,30.70698069353835,0.2835854567533605,21.99892754804465,-2.4442684183434663e-16,8.708053145493695,True
2025-02-04,31.23187848772288,0.2889400944587155,22.207736567357106,-2.444674826470955e-16,9.024141920365773,True
2025-02-05,31.444874237681013,0.29072241774266117,22.30314437368847,-2.445083533399749e-16,9.141729863992543,True
2025-02-06,31.678852130036645,0.292900058186014,22.40011449788278,-2.4454920175969274e-16,9.278737632153867,True
2025-02-07,31.081216853445817,0.2871474555865272,22.156324517445764,-2.4459008611458037e-16,8.924892336000054,True
2025-02-10,31.60448170601413,0.2923263359465797,22.365659369404312,-2.4463112289728725e-16,9.238822336609818,True
2025-02-11,31.52055802501068,0.29101692533512097,22.347542143724798,-2.446721665650546e-16,9.173015881285881,True
2025-02-12,31.509460200037857,0.2917014450089763,22.318105128233988,-2.447131879888802e-16,9.191355071803871,True
2025-02-13,32.17509471055373,0.29770363543329814,22.596452044811205,-2.4475424542534676e-16,9.578642665742526,True
2025-02-14,32.334169895283424,0.29970889238879933,22.643331649656766,-2.447951640599537e-16,9.690838245626654,True
2025-02-18,32.453486882804526,0.3004685302742526,22.702235376853515,-2.4483608953544155e-16,9.75125150595101,True
2025-02-19,32.48445260070199,0.30021529887149817,22.73212295450523,-2.448770218529541e-16,9.752329646196765,True
2025-02-20,32.27025343685794,0.29853071710949564,22.636591537047572,-2.4491800960145786e-16,9.633661899810368,True
2025-02-21,31.238710544615824,0.2890840860403094,22.208096457747782,-2.4495887786382644e-16,9.030614086868042,True
2025-02-24,30.732388979363044,0.28328080968880437,22.026492945617793,-2.449996751819588e-16,8.705896033745251,True
2025-02-25,30.206589293493117,0.2772119275452686,21.832962450875616,-2.450404112396188e-16,8.3736268426175,True
2025-02-26,30.292411906762702,0.2782071728017234,21.864845632836985,-2.450810762808515e-16,8.427566273925715,True
2025-02-27,29.11524209777381,0.26544535556915994,21.386736306648064,-2.4512185504726336e-16,7.728505791125743,True
2025-02-28,29.80482662231873,0.27117594143239165,21.72247470378224,-2.451626600561523e-16,8.08235191853649,True
2025-03-03,28.85472810962276,0.2620094695381943,21.294516103951675,-2.4520345239719736e-16,7.560212005671083,True
2025-03-04,28.61350015476081,0.26131529840426654,21.136354823428963,-2.4524425152563445e-16,7.4771453313318474,True
2025-03-05,29.15612754830432,0.26644214235239183,21.387706461634526,-2.452850769096523e-16,7.768421086669793,True
2025-03-06,28.028077435911637,0.2541871875341515,20.903699260487848,-2.4532600642273526e-16,7.12437817542379,True
2025-03-07,28.311310926844396,0.25686461552025014,21.039136930746253,-2.4536686488525535e-16,7.272173996098143,True
2025-03-10,26.80352956303507,0.2407253203112942,20.351241323500208,-2.4540773015265513e-16,6.452288239534861,True
2025-03-11,26.619100353471186,0.2395562660982482,20.24232806589907,-2.454484853644268e-16,6.376772287572116,True
2025-03-12,27.004904319506686,0.2442033907867677,20.410215116810924,-2.454893447468966e-16,6.594689202695762,True
2025-03-13,26.324949190311163,0.23682367929149736,20.09057786589995,-2.4553023041302585e-16,6.234371324411214,True
2025-03-14,27.2175482546521,0.2453078313417906,20.540870517862857,-2.455710352009072e-16,6.6766777367892445,True
2025-03-17,27.492794645109615,0.24756062901373102,20.686661109420942,-2.45611846770156e-16,6.806133535688672,True
2025-03-18,26.861614769136313,0.24060639494666164,20.398538477088422,-2.456526651218993e-16,6.463076292047891,True
2025-03-19,27.360535486439566,0.24540588175041855,20.64609915022625,-2.4569355849381817e-16,6.714436336213319,True
2025-03-20,27.226648966332636,0.244076785747623,20.581255999951324,-2.4573440992334786e-16,6.645392966381312,True
2025-03-21,27.32653912628603,0.24547429485401248,20.618576203460382,-2.4577519013531893e-16,6.707962922825645,True
2025-03-24,28.16351942351124,0.2533095377893519,21.029431335820174,-2.4581600637169407e-16,7.134088087691066,True
2025-03-25,28.376095761634488,0.2558979926125979,21.114709818049377,-2.4585680012479055e-16,7.261385943585113,True
2025-03-26,27.652003049824454,0.24799618447382388,20.79441180040945,-2.4589760064770776e-16,6.857591249415006,True
2025-03-27,27.448293552844547,0.2455794671783521,20.707556247181987,-2.4593848600329444e-16,6.740737305662561,True
2025-03-28,26.430530529329225,0.23473138050011816,20.22645561082926,-2.4597935863937e-16,6.204074918499968,True
2025-03-31,26.493658822119684,0.23400871208047108,20.293911842856048,-2.460202380680888e-16,6.1997469792636375,True
2025-04-01,26.746933911335596,0.23713254683543464,20.404365352901532,-2.46061173100581e-16,6.342568558434063,True
2025-04-02,27.027698500491226,0.23991342958617817,20.54339065941717,-2.4610218329423536e-16,6.484307841074055,True
2025-04-03,24.92967263287929,0.2183085601676045,19.487311694945678,-2.461432296233339e-16,5.4423609379336115,True
2025-04-04,22.757579555363666,0.19535720739302304,18.311722366403266,-2.4618410698055175e-16,4.4458571889604,True
2025-04-07,22.780677856593382,0.19591905798421846,18.31750891068766,-2.462246980526214e-16,4.46316894590572,True
2025-04-08,22.21802591907847,0.1894364366158856,18.00912226032886,-2.4626524696216107e-16,4.2089036587496125,True
2025-04-09,25.72790054588323,0.22125004358434372,20.035601428772907,-2.4630607617625755e-16,5.692299117110325,True
2025-04-10,24.162808234235463,0.20660913547274656,19.170551314366314,-2.4634740086397483e-16,4.992256919869151,True
2025-04-11,24.774429352421457,0.21216475757666936,19.518168554764635,-2.463884294373083e-16,5.25626079765682,True
2025-04-14,25.045618272280016,0.21427389616696899,19.678996063167947,-2.46429621278937e-16,5.366622209112069,True
2025-04-15,25.049584892625898,0.21506065060493806,19.662404868234145,-2.4647064398939604e-16,5.387180024391753,True
2025-04-16,24.04772050844644,0.20377352310426103,19.14743177781372,-2.4651172242819544e-16,4.900288730632722,True
2025-04-17,24.045589376839168,0.2032066236949135,19.159366344817403,-2.4655288597474765e-16,4.886223032021766,True
2025-04-21,23.223448124890204,0.1950257296416895,18.694278209537565,-2.465940270408871e-16,4.529169915352638,True
2025-04-22,24.05825653203205,0.20264990462853708,19.182853140286877,-2.4663522390053983e-16,4.8754033917451745,True
2025-04-23,24.747907440089378,0.21007494486714953,19.548992149035282,-2.466764570018919e-16,5.198915291054096,True
2025-04-24,25.67120604441847,0.21975770447974122,20.02976073287061,-2.4671764805650427e-16,5.64144531154786,True
2025-04-25,26.041313216871515,0.22378081452920223,20.213766933789927,-2.4675873829362653e-16,5.827546283081587,True
2025-04-28,26.037631453162867,0.2236462388800689,20.214413109317608,-2.46799796204346e-16,5.823218343845258,True
2025-04-29,26.28166072477869,0.22589233898897243,20.344834911143817,-2.468408609466453e-16,5.93682581363487,True
2025-04-30,26.285493773594222,0.2259005573827917,20.347586079057386,-2.468819031379743e-16,5.937907694536835,True
2025-05-01,26.69496689813369,0.23009587956143188,20.552565009844308,-2.46922952153382e-16,6.14240188828938,True
2025-05-02,27.287857194838338,0.235643596436384,20.857648386404176,-2.469639590002325e-16,6.430208808434163,True
2025-05-05,27.054741931598002,0.233554824956474,20.735976415521055,-2.4700519806311714e-16,6.318765516076949,True
2025-05-06,26.692035315745564,0.229999570605636,20.55287865453361,-2.47046444012271e-16,6.139156661211952,True
2025-05-07,26.84700616733538,0.23133181334373867,20.63643954779515,-2.470877164542835e-16,6.210566619540229,True
2025-05-08,27.210454700612868,0.23504147082112056,20.814869406069345,-2.4712904481787707e-16,6.3955852945435225,True
2025-05-09,27.175225662702836,0.23478878187996152,20.794787532043767,-2.4717038009413173e-16,6.380438130659069,True
2025-05-12,28.71495986623108,0.24910262054428092,21.561988114729065,-2.4721172228420366e-16,7.152971751502016,True
2025-05-13,29.278307831132423,0.25550697973470937,21.79749582545669,-2.472537090390943e-16,7.480812005675735,True
2025-05-14,29.489552754899062,0.258152884738068,21.87673964158643,-2.472957519797889e-16,7.612813113312633,True
2025-05-15,29.57880727385746,0.25817866542834295,21.942190286930778,-2.4733780206945154e-16,7.636616986926683,True
2025-05-16,29.7901802021284,0.25950663276092495,22.059430848532887,-2.4737959430499664e-16,7.730749353595512,True
2025-05-19,29.83337662597612,0.2598199749915698,22.08206945710092,-2.4742118745333944e-16,7.751307168875197,True
2025-05-20,29.678304342607632,0.2584432761300057,22.00814613832074,-2.4746281704771135e-16,7.67015820428689,True
2025-05-21,29.020771598216857,0.253300426686019,21.669797769631025,-2.475045322097229e-16,7.350973828585832,True
2025-05-22,29.083191708059147,0.2540588899244968,21.69434830724831,-2.4754612672269724e-16,7.3888434008108375,True
2025-05-23,28.695548719590327,0.25006294177210897,21.519855391004697,-2.4758769875353564e-16,7.175693328585632,True
2025-05-27,29.672259482476537,0.25867827356440654,21.996690626794415,-2.476292581174424e-16,7.675568855682122,True
2025-05-28,29.461426457221044,0.257187443941577,21.884317491815615,-2.4767055914081026e-16,7.577108965405431,True
2025-05-29,29.56291688706375,0.2575488836296705,21.94902064596375,-2.4771208327131625e-16,7.613896241100003,True
2025-05-30,29.49329700111384,0.25679943736124505,21.91943492529971,-2.4775366351405285e-16,7.57386207581413,True
2025-06-02,29.8157942646258,0.2598643202919241,22.06773315408497,-2.477952703978942e-16,7.748061110540832,True
2025-06-03,30.14565786721677,0.26301470897080004,22.216906436537442,-2.4783688426905013e-16,7.928751430679328,True
2025-06-04,30.23748018304002,0.26432717801493133,22.244892375974644,-2.478785346356362e-16,7.992587807065378,True
2025-06-05,29.913912655499516,0.26096514314085695,22.10742415745399,-2.4792024118048227e-16,7.806488498045523,True
2025-06-06,30.35836354363611,0.26448645370741825,22.328987629619224,-2.479618760387944e-16,8.029375914016885,True
2025-06-09,30.420564736591423,0.2651193678689314,22.355483843410397,-2.4800351788911905e-16,8.065080893181024,True
2025-06-10,30.713674101031806,0.26766210641704813,22.492787395342894,-2.480452454628923e-16,8.22088670568891,True
2025-06-11,30.559308414375252,0.2662524537918487,22.42281756286595,-2.480870784904009e-16,8.1364908515093,True
2025-06-12,30.683204610219,0.26690527779504253,22.493695360086367,-2.481289185730828e-16,8.189509250132632,True
2025-06-13,30.10681654113735,0.26173681323664927,22.226754322959618,-2.48170844482199e-16,7.88006221817773,True
2025-06-16,30.688485091625804,0.2672471557718143,22.487074735943082,-2.48212600209334e-16,8.201410355682722,True
2025-06-17,30.24040773796452,0.2631924363808493,22.28136114825935,-2.4825444176336857e-16,7.959046589705171,True
2025-06-18,30.226013246805163,0.26295981823764647,22.277786297376583,-2.4829599482762486e-16,7.948226949428579,True
2025-06-20,30.0450901953559,0.26090610372296275,22.206142776480604,-2.4833760411327843e-16,7.838947418875297,True
2025-06-23,30.51237241469928,0.26488902731905134,22.429979764572934,-2.483789444423215e-16,8.082392650126346,True
2025-06-24,31.175639182373104,0.2710534506247737,22.725374606557978,-2.484199269680793e-16,8.450264575815128,True
2025-06-25,31.275940244873492,0.2722588012314008,22.76079024641931,-2.484611528480151e-16,8.51514999845418,True
2025-06-26,31.70466554295995,0.2759349866585165,22.95623907935057,-2.4850244472731514e-16,8.748426463609382,True
2025-06-27,31.886704445634308,0.2770478325492985,23.05256209183124,-2.485437927713995e-16,8.834142353803065,True
2025-06-30,32.18790073931162,0.27978131832421244,23.182327436378127,-2.48585187148578e-16,9.005573302933497,True
2025-07-01,31.857505378471288,0.2754966496816272,23.08086937948803,-2.4862651936875167e-16,8.776635998983258,True
2025-07-02,32.16489371704434,0.278294835715402,23.213569904256122,-2.486682037743319e-16,8.951323812788221,True
2025-07-03,32.621220474887515,0.2820851002455557,23.419260227096494,-2.4870987543452517e-16,9.20196024779102,True
2025-07-07,32.24068646278616,0.27905402474585556,23.243793144776458,-2.4875172185575207e-16,8.996893318009699,True
2025-07-08,32.2527833281021,0.2793194129464385,23.24395482300794,-2.4879362467443507e-16,9.008828505094156,True
2025-07-09,32.59136745097358,0.28214372585937675,23.395917607503876,-2.4883558391669166e-16,9.195449843469703,True
2025-07-10,32.565222455191275,0.2810708740897844,23.41208691478239,-2.4887750086213807e-16,9.153135540408886,True
2025-07-11,32.428283191267,0.28011642726149055,23.344588361505437,-2.489193754870068e-16,9.083694829761559,True
2025-07-14,32.589457299500076,0.28169420043945576,23.409196182761615,-2.4896122752633576e-16,9.180261116738459,True
2025-07-15,32.57404159310451,0.2825602906333499,23.369910933454072,-2.490029976894635e-16,9.204130659650438,True
2025-07-16,32.65111209765962,0.2826908494514476,23.420941483237783,-2.4904481438211727e-16,9.230170614421835,True
2025-07-17,33.03237674746629,0.285931660069016,23.587374428038085,-2.490865689185067e-16,9.445002319428198,True
2025-07-18,32.97985389871816,0.2854000754672311,23.56740110712574,-2.491284293015474e-16,9.41245279159242,True
2025-07-21,33.20651285234021,0.2877650111990507,23.650840309505107,-2.4917024728808304e-16,9.5556725428351,True
2025-07-22,32.99835585272169,0.28507563284539994,23.59132867514934,-2.4921200308041057e-16,9.407027177572342,True
2025-07-23,33.27619887654533,0.2864124669100831,23.74548066692345,-2.49253835095402e-16,9.530718209621883,True
2025-07-24,33.36833143658196,0.2875075888700356,23.77468292063407,-2.4929577303999545e-16,9.59364851594789,True
2025-07-25,33.50141059422097,0.2879848291449984,23.853512588127803,-2.493377675053933e-16,9.647898006093167,True
2025-07-28,33.63008414450283,0.28968987025445964,23.887789432035245,-2.493797690448586e-16,9.742294712467585,True
2025-07-29,33.53559449533478,0.2891795562587258,23.837786160301302,-2.49421678701811e-16,9.697808335033478,True
2025-07-30,33.57019121134354,0.28988351855598005,23.83874606440224,-2.4946354591235335e-16,9.731445146941304,True
2025-07-31,33.30173431819108,0.287398358052153,23.73087055485393,-2.4950543994786514e-16,9.570863763337153,True
2025-08-01,32.29954910086624,0.27854547721127204,23.302655782856537,-2.495473707245116e-16,8.996893318009699,True
2025-08-04,33.18422845577026,0.2859637938623003,23.694740590164894,-2.4958878370643038e-16,9.489487865605367,True
2025-08-05,32.846252254110425,0.2828942571152479,23.554236123663824,-2.4962991633294886e-16,9.292016130446605,True
2025-08-06,33.431860357248,0.28832433341797353,23.792641504821695,-2.49671026022496e-16,9.639218852426303,True
2025-08-07,33.55980576293355,0.2901348466444874,23.822936664486036,-2.4971197405125933e-16,9.73686909844751,True
2025-08-08,34.026370014515166,0.2938732973139974,24.02692846272346,-2.497529783429848e-16,9.999441551791701,True
2025-08-11,33.87918170522946,0.2925559468121872,23.96762562423393,-2.4979393981257877e-16,9.911556080995537,True
2025-08-12,34.5230316328004,0.2976912486624326,24.245827238419384,-2.4983500712702676e-16,10.277204394381009,True
2025-08-13,34.58578190994646,0.29759032133979946,24.29338795757727,-2.498759523098849e-16,10.29239395236919,True
2025-08-14,34.54928421676677,0.2970881929882096,24.285099799771462,-2.4991670588914507e-16,10.264184416995311,True
2025-08-15,34.322069174768274,0.29481886337071617,24.203275752132,-2.4995748594834174e-16,10.118793422636276,True
2025-08-18,34.301593846846416,0.294615273283567,24.195820401595842,-2.4999827266180837e-16,10.105773445250577,True
2025-08-19,33.6595169896922,0.2879859608662858,23.96604864712062,-2.500391751584125e-16,9.69346834257158,True
2025-08-20,33.3796755192365,0.2851020108087522,23.86306290855849,-2.5007995535854287e-16,9.516612610678006,True
2025-08-21,33.14419486426368,0.2831337925732155,23.75995327055901,-2.501207918251723e-16,9.384241593704669,True
2025-08-22,33.93197872451584,0.28899905569048884,24.125668915421002,-2.5016176399081787e-16,9.806309809094834,True
2025-08-25,33.758376213400695,0.2879461339447504,24.037782294499547,-2.5020234578630763e-16,9.720593918901152,True
2025-08-26,33.96979831863072,0.28947580029565056,24.13636376446325,-2.50242983809525e-16,9.833434554167473,True
2025-08-27,34.06033098534882,0.2900124762689654,24.182410053747237,-2.5028357878067367e-16,9.877920931601583,True
2025-08-28,34.358952771002315,0.29273397137416124,24.300920074089568,-2.503239022455756e-16,10.058032696912749,True
2025-08-29,33.783447994732164,0.2869937596642839,24.087809240301166,-2.503643514097275e-16,9.695638754430997,True
2025-09-02,33.34588919076762,0.2833409979723908,23.897631669178764,-2.504045189941776e-16,9.448257521588857,True
2025-09-03,33.72491101404046,0.2866876062425527,24.056397004682097,-2.5044458371786106e-16,9.66851400935836,True
2025-09-04,34.19579496698955,0.2903866060353376,24.265794125845176,-2.504845157166272e-16,9.930000841144375,True
2025-09-05,34.21071066778495,0.29121149011603015,24.248158636290928,-2.5052425528291387e-16,9.962552031494024,True
2025-09-08,34.44177370803287,0.2933846528738931,24.337085884340468,-2.505631263090908e-16,10.104687823692402,True
2025-09-09,34.58684355016916,0.2945382540314409,24.399695038443728,-2.506021823389897e-16,10.187148511725427,True
2025-09-10,34.636951757478926,0.294425391375548,24.43895368022722,-2.506413936256786e-16,10.19799807725171,True
2025-09-11,34.98105263873333,0.2964298977714969,24.61162278109426,-2.506804817484437e-16,10.369429857639075,True
2025-09-12,35.16041052620846,0.29858998648161705,24.661864022499767,-2.5071955607088873e-16,10.49854650370869,True
2025-09-15,35.59956954689389,0.3024346374294428,24.8330266383348,-2.507586364839662e-16,10.766542908559087,True
2025-09-16,35.542686579865745,0.30209443305587025,24.805438828238714,-2.507974443691329e-16,10.73724775162703,True
2025-09-17,35.43416636008436,0.30109055068827867,24.76527369754648,-2.508361587375815e-16,10.66889266253788,True
2025-09-18,35.891204903389216,0.30526755258967664,24.93478462303699,-2.5087466009748834e-16,10.956420280352228,True
2025-09-19,36.25435284041386,0.308195311474591,25.080931274452784,-2.5091328683200774e-16,11.173421565961073,True
2025-09-22,36.57671389077093,0.3106406264413754,25.21450057457489,-2.509518995991347e-16,11.36221331619604,True
2025-09-23,36.19540725780557,0.3075880852216382,25.06213124555977,-2.5099021955636097e-16,11.133276012245801,True
2025-09-24,35.99186600621254,0.30600230981346327,24.978271873814833,-2.51028515484987e-16,11.013594132397706,True
2025-09-25,35.732700887233975,0.30408816413824913,24.866809474733806,-2.510669467557328e-16,10.865891412500165,True
2025-09-26,35.98536851209339,0.30557465883554935,24.989151805938928,-2.5110563298305e-16,10.996216706154458,True
2025-09-29,36.22496527012456,0.30760092908706255,25.082132296887668,-2.511440959876918e-16,11.142832973236887,True
2025-09-30,36.39344044365635,0.30856430836241033,25.163723664230957,-2.511825947822046e-16,11.229716779425393,True
2025-10-01,36.65523175785102,0.31068634203220324,25.26695188666164,-2.512209200633207e-16,11.388279871189381,True
2025-10-02,36.860733198838695,0.3127255382821052,25.3334405677588,-2.512592511920838e-16,11.527292631079897,True
2025-10-03,36.65083263883197,0.31024947579612683,25.27993102514278,-2.5129761808141104e-16,11.370901613689195,True
2025-10-06,37.045225605081406,0.31380663636172335,25.42018796468962,-2.513360905504834e-16,11.625037640391783,True
2025-10-07,36.74329159260484,0.31127183941568165,25.306139632387982,-2.5137458885537066e-16,11.437151960216859,True
2025-10-08,37.35151237099879,0.31658341425480363,25.52664305700746,-2.514129234795242e-16,11.824869313991332,True
2025-10-09,37.25238954858736,0.31617218229652555,25.474220249250212,-2.514512639497078e-16,11.778169299337145,True
2025-10-10,35.230053868371655,0.2992402417690803,24.687804031262402,-2.514897100489655e-16,10.542249837109257,True
2025-10-13,36.35041903069422,0.30842160453265044,25.139164467813316,-2.5152816202650956e-16,11.211254562880903,True
2025-10-14,36.02326649689022,0.3048914029176912,25.0400822369755,-2.515666198832388e-16,10.983184259914722,True
2025-10-15,36.39201196014091,0.30797954278294226,25.18401675570535,-2.5160508362005213e-16,11.207995204435564,True
2025-10-16,36.134736337620154,0.30671598763157976,25.051634994020258,-2.5164360316063484e-16,11.0831013435999,True
2025-10-17,36.498783283529775,0.30942931169330967,25.204989894463882,-2.516820786679467e-16,11.293793389065895,True
2025-10-20,37.21221359599613,0.3148791776833663,25.49486237911109,-2.517203503238902e-16,11.717351216885046,True
2025-10-21,37.19565692366467,0.31466894007030793,25.491338984276297,-2.517582881776607e-16,11.704317939388373,True
2025-10-22,36.662324176676755,0.30985602599375117,25.302282103597072,-2.517961018737861e-16,11.360042073079684,True
2025-10-23,37.128241931313376,0.31363150270604456,25.483655621561986,-2.518339512254049e-16,11.644586309751388,True
2025-10-24,37.73117581259241,0.31823355081108046,25.723849757473978,-2.5187180626644224e-16,12.007326055118437,True
2025-10-27,38.74948639737596,0.32632265514892617,26.104651110527037,-2.5190941712397647e-16,12.64483528684892,True
2025-10-28,39.17341280023743,0.3301658425056056,26.239689959227164,-2.519465837587594e-16,12.933722841010265,True
2025-10-29,39.40387170846208,0.33242424127274584,26.305069552567954,-2.519837758737908e-16,13.098802155894122,True
2025-10-30,38.45863759500961,0.3250064118675291,25.95933378494188,-2.5202107347255334e-16,12.499303810067733,True
2025-10-31,38.740852760949984,0.3272083355483243,26.064522811316838,-2.520586466140353e-16,12.676329949633148,True
2025-11-03,39.00143420611125,0.32947756469931666,26.151336644101086,-2.5209583526608944e-16,12.850097562010161,True
2025-11-04,37.79473273299512,0.319192625968543,25.730932744171163,-2.52133679652712e-16,12.06379998882396,True
2025-11-05,38.15763165746381,0.3223047652776528,25.8592451425538,-2.521716297734499e-16,12.298386514910007,True
2025-11-06,37.08842194505564,0.3130019035094384,25.479675278091996,-2.522095355734704e-16,11.608746666963645,True
2025-11-07,36.94021420768006,0.3109942792365355,25.45201891531937,-2.522471968625676e-16,11.488195292360688,True
2025-11-10,38.1729772643034,0.3206672933153467,25.932151967170956,-2.522848037161753e-16,12.240825297132439,True
2025-11-11,38.06712397780899,0.31890571586713146,25.92730055466297,-2.523226764705616e-16,12.139823423146021,True
2025-11-12,38.039137291867235,0.3184836945834682,25.924292308385574,-2.5236055491036964e-16,12.11484498348166,True
2025-11-13,36.811123634902046,0.3087805534053141,25.44456450744556,-2.523983889661559e-16,11.36655912745649,True
2025-11-14,36.82734537032203,0.3088804386878142,25.452098776629317,-2.52436378929847e-16,11.37524659369271,True
2025-11-17,36.30795237305739,0.30525272341780985,25.22485102945749,-2.5247432452628947e-16,11.0831013435999,True
2025-11-18,35.647721921587504,0.29966430686845136,24.965372040515682,-2.5251211552513445e-16,10.682349881071818,True
2025-11-19,35.95400899652297,0.3022164068977949,25.08811758402281,-2.525499121806322e-16,10.865891412500165,True
2025-11-20,34.68934534373084,0.2908491831826592,24.599977585365544,-2.525877144936295e-16,10.089367758365297,True
2025-11-21,35.12799923387563,0.29358612235969733,24.814906152547668,-2.526255525351494e-16,10.313093081327963,True
2025-11-24,36.409872026116986,0.30472634809224236,25.314824689092465,-2.5266304537518475e-16,11.095047337024523,True
2025-11-25,36.80894668985775,0.306910468810294,25.51189560486039,-2.5270044351661606e-16,11.29705108499736,True
2025-11-26,37.30512070135691,0.31074703621355265,25.712665007821407,-2.5273786725009387e-16,11.59245569353551,True
2025-11-28,37.73366036364909,0.31395286793839994,25.887069474667932,-2.527755071398198e-16,11.84659088898116,True
2025-12-01,37.52465723499121,0.31286517395515395,25.78449882155816,-2.528125909119089e-16,11.74015841343305,True
2025-12-02,37.92094401068526,0.31675556917782427,25.90927380682024,-2.5284963999595686e-16,12.011670203865016,True
2025-12-03,38.08217324984982,0.3176389389613157,25.985792145426526,-2.5288648379995303e-16,12.096381104423298,True
2025-12-04,38.04048809130411,0.3169592068720958,25.983205156856958,-2.529229616716277e-16,12.057282934447155,True
2025-12-05,38.25715139307013,0.3187978650788334,26.060853204961653,-2.529592139626858e-16,12.196298188108475,True
2025-12-08,38.11698359924437,0.31797570555994065,25.996708845457956,-2.529953811066973e-16,12.120274753786415,True
2025-12-09,38.16741091832819,0.31875068344715435,26.001522602702693,-2.5303170401529114e-16,12.165888315625491,True
2025-12-10,38.44589355117913,0.32005766029731114,26.14099081314926,-2.5306817271137293e-16,12.304902738029876,True
2025-12-11,38.31674092769859,0.31807532675110894,26.129131037083273,-2.531042550101087e-16,12.187609890615319,True
2025-12-12,37.211880119106404,0.30831526746365245,25.73888934735874,-2.5314009135938127e-16,11.472990771747662,True
2025-12-15,36.95407240261013,0.30576397284510115,25.654848411982545,-2.531755008374044e-16,11.299223990627587,True
2025-12-16,37.01178000683611,0.3071065246080322,25.64522087937962,-2.5321104587506337e-16,11.36655912745649,True
2025-12-17,35.9965688301917,0.298087730747393,25.266433312907516,-2.5324666623922784e-16,10.730135517284182,True
2025-12-18,36.73333428914577,0.3045856509242071,25.544887754069816,-2.5328227151439204e-16,11.188446535075961,True
2025-12-19,37.45218135739372,0.31039681052107254,25.82714371700194,-2.5331767072784894e-16,11.625037640391783,True
2025-12-22,37.753094977448534,0.31212277401878175,25.96949424529276,-2.5335307488876746e-16,11.783600732155772,True
2025-12-23,38.038330929118835,0.3141220472262859,26.089652544593076,-2.533885443204216e-16,11.948678384525758,True
2025-12-24,38.217235308869654,0.31513350857598044,26.173703857911715,-2.534242097628544e-16,12.043531450957937,True
2025-12-26,38.204190756028154,0.31495638003527754,26.171537133332315,-2.534599606788315e-16,12.03265362269584,True
2025-12-29,37.9158249199239,0.31264685432887956,26.06156152942515,-2.534955959421781e-16,11.85426339049875,True
2025-12-30,37.784843227186514,0.31148517903881645,26.015424569612712,-2.535311859201749e-16,11.769418657573802,True
2025-12-31,37.28073659830427,0.3076441647319531,25.811535526927,-2.535668010149561e-16,11.469201071377274,True
2026-01-02,37.19889918471909,0.30615710106638727,25.810192047464696,-2.536024915477255e-16,11.388707137254393,True
2026-01-05,37.65929050884763,0.30963524650686186,25.998646808867075,-2.536380462144201e-16,11.66064369998056,True
2026-01-06,38.15756325840414,0.3136308320998806,26.190174942767023,-2.536734246969221e-16,11.96738831563712,True
2026-01-07,38.16276484833807,0.3145001788068872,26.16056847977056,-2.5370885844494176e-16,12.002196368567512,True
2026-01-08,37.87382452738723,0.31127033592594266,26.0848264439472,-2.5374424680462624e-16,11.78899808344003,True
2026-01-09,38.43153627905868,0.3156405154529296,26.300986358288636,-2.5377955954533256e-16,12.130549920770047,True
2026-01-12,38.49138256680627,0.31588451660301564,26.33255079130893,-2.538149376245225e-16,12.158831775497342,True
2026-01-13,38.382443714038466,0.31513737867275354,26.286701014941876,-2.5385052207581976e-16,12.09574269909659,True
2026-01-14,37.79237138457045,0.3098689175142153,26.0816901733384,-2.538863834982032e-16,11.710681211232052,True
2026-01-15,37.99447737356283,0.3113698090781528,26.164144207732377,-2.539222499867241e-16,11.830333165830456,True
2026-01-16,37.92036221409708,0.31060147022539136,26.142241958919147,-2.5395817192464994e-16,11.778120255177932,True
2026-01-20,36.63470856201404,0.3012519521748187,25.598431090351763,-2.539940183213831e-16,11.036277471662276,True
2026-01-21,37.39054981506149,0.3067988175492798,25.919173344283188,-2.5403002096583653e-16,11.471376470778306,True
2026-01-22,37.80698247626913,0.31015194122936035,26.08107346922985,-2.54066190002751e-16,11.725909007039279,True
2026-01-23,37.95731109018173,0.3116746899621813,26.126977924351277,-2.541023641894475e-16,11.830333165830456,True
2026-01-26,38.23341562504988,0.3134069394026992,26.250797851091658,-2.5413848302567324e-16,11.98261777395822,True
2026-01-27,38.72231666442485,0.3176524662306808,26.42207727780491,-2.5417453640221827e-16,12.300239386619943,True
2026-01-28,38.87786060399524,0.31929136403507774,26.464495460979986,-2.542105444608686e-16,12.41336514301525,True
2026-01-29,38.55050359493428,0.3162465672855366,26.359039165907575,-2.5424667867414727e-16,12.191464429026702,True
2026-01-30,37.90909790240409,0.3098903556753202,26.161434070097553,-2.542827978443955e-16,11.74766383230654,True
2026-02-02,38.30324677713745,0.31294912964553606,26.316279035634103,-2.543188414222007e-16,11.98696774150335,True
2026-02-03,37.428550618461905,0.30526671219670504,26.00286002887609,-2.5435495066156866e-16,11.425690589585816,True
2026-02-04,36.53801594873165,0.29627373859394257,25.712761362795824,-2.543911861477212e-16,10.825254585935825,True
2026-02-05,35.73117261521472,0.2900562507242583,25.36712265246425,-2.544274772715894e-16,10.364049962750471,True
2026-02-06,36.8843788832519,0.29838705115862213,25.878557834461017,-2.5446360193552386e-16,11.005821048790885,True
2026-02-09,37.29606697887206,0.30180133451139046,26.040064192622268,-2.5449985290017096e-16,11.256002786249791,True
2026-02-10,37.04469212110805,0.2996209689576179,25.94532557304502,-2.5453613932695536e-16,11.099366548063028,True
2026-02-11,37.15915676267948,0.30092275648239514,25.977120881092535,-2.5457240062530206e-16,11.182035881586943,True
2026-02-12,36.011219828034555,0.29154609575984625,25.512289283621516,-2.5460876811014223e-16,10.498930544413037,True
2026-02-13,36.09307637073672,0.292150669488368,25.54845994513119,-2.5464512058475675e-16,10.544616425605527,True
2026-02-17,36.07442206245329,0.2915780591597353,25.555912092174022,-2.54681427723715e-16,10.518509970279265,True
2026-02-18,36.46046078464471,0.29469626142506206,25.715699301574833,-2.54717740039322e-16,10.74476148306988,True
2026-02-19,36.25548103328046,0.2930021565379093,25.632546904210017,-2.547541586106876e-16,10.622934129070442,True
2026-02-20,36.729161913137546,0.2965088046046362,25.838642020143002,-2.547905015157469e-16,10.890519892994545,True
2026-02-23,36.044263920924074,0.29115810961307376,25.5496841753131,-2.548268496054389e-16,10.494579745610972,True
2026-02-24,36.60936403366634,0.29581517381123795,25.77975864892845,-2.5486313209557585e-16,10.82960538473789,True
2026-02-25,37.35962685714526,0.3020448746147464,26.075343047425108,-2.5489941975164836e-16,11.28428380972015,True
2026-02-26,36.73397590818486,0.29641070407275183,25.845632245848286,-2.54935712574392e-16,10.888343662336577,True
2026-02-27,36.515258248153586,0.2950285402497987,25.742214910356417,-2.549720105645424e-16,10.773043337797173,True
2026-03-02,36.57869048511168,0.2955874594234157,25.76648829558205,-2.550082125435626e-16,10.81220218952963,True
2026-03-03,35.97913178493089,0.29083866042218737,25.515009293448248,-2.5504454109360795e-16,10.464122491482645,True
2026-03-04,36.73351173557769,0.29765813818672127,25.79948302330556,-2.550809254242638e-16,10.934028712272132,True
2026-03-05,36.52264977450714,0.2966366419312236,25.68869359096718,-2.5511731494546213e-16,10.833956183539957,True
2026-03-06,35.66941573148937,0.2899485434619247,25.327120594006164,-2.551536387923315e-16,10.342295137483207,True
2026-03-09,36.35194393985222,0.2955759807741814,25.607182456782343,-2.5518978555715116e-16,10.74476148306988,True
2026-03-10,36.33375490888129,0.295783821667272,25.58681802641038,-2.5522617035409393e-16,10.746936882470912,True
2026-03-11,36.30513573994685,0.2957173643726619,25.56907668573804,-2.552625805957497e-16,10.736059054208813,True
2026-03-12,35.343354182036684,0.2882532288457594,25.15551822082534,-2.552990466777259e-16,10.187835961211347,True
2026-03-13,35.001817174952556,0.2854720605318306,25.00977630366043,-2.553355686248744e-16,9.992040871292124,True
2026-03-16,35.60220038927404,0.290007106249776,25.277309278256027,-2.553720755310157e-16,10.324891111018012,True
2026-03-17,35.84941167906049,0.2922551648250745,25.372235959914715,-2.554086079253475e-16,10.477175719145775,True
2026-03-18,35.04740153904923,0.2861559788160741,25.018378046682617,-2.5544514554584124e-16,10.029023492366614,True
2026-03-19,34.887846839713426,0.28490806089477155,24.94801804781689,-2.554817390755485e-16,9.939828791896536,True
2026-03-20,33.910678728108024,0.27637386785796125,24.538653286332117,-2.555183581247e-16,9.372025441775905,True
2026-03-23,34.504493590839594,0.2810118985550018,24.808320338198868,-2.555550432607116e-16,9.696173252640726,True
2026-03-24,34.17137867528417,0.2777031988053794,24.681877509567823,-2.5559167281679626e-16,9.489501165716343,True
2026-03-25,34.504780145980845,0.280337424067261,24.831798961849408,-2.556283887622862e-16,9.672981184131439,True
2026-03-26,33.29811403517982,0.26981674428864355,24.313725315255613,-2.5566510998205067e-16,8.984388719924207,True
2026-03-27,32.31943429694667,0.2614684211822178,23.8689228378216,-2.5570183647684736e-16,8.450511459125067,True
2026-03-30,31.99437474445417,0.2580632574285484,23.737802178510645,-2.5573843634005954e-16,8.256572565943523,True
2026-03-31,33.56706248816904,0.2705761919905565,24.48461454381121,-2.5577495010619577e-16,9.082447944357833,True
2026-04-01,34.148292211058916,0.27586172386210833,24.728085454769193,-2.558114893838144e-16,9.42020675628972,True
2026-04-02,34.19539381964007,0.27611900616389917,24.753395662777912,-2.5584808463873933e-16,9.441998156862155,True
2026-04-06,34.4961604817532,0.2785755642121356,24.886373112396427,-2.558847054351712e-16,9.609787369356773,True
2026-04-07,34.51443512582284,0.27874376185497834,24.893751640551383,-2.5592149393770595e-16,9.620683485271462,True
2026-04-08,36.04047330189074,0.2902190763466907,25.580840429118446,-2.5595820648544505e-16,10.459632872772298,True
2026-04-09,36.409976397780646,0.2930192871911994,25.741151067054567,-2.5599477194254574e-16,10.66882533072608,True
2026-04-10,36.46578137057224,0.2938257627379247,25.751195345529446,-2.560312207225801e-16,10.714586025042793,True
2026-04-13,37.04945847372825,0.29796038276014464,26.0101876458401,-2.5606772549081235e-16,11.039270827888153,True
2026-04-14,38.043307453555286,0.3059282014871993,26.40478682566455,-2.56104337077951e-16,11.638520627890731,True
2026-04-15,38.820429839528494,0.3123777156641717,26.693792645155337,-2.561410453661492e-16,12.126637194373158,True
2026-04-16,39.08747999411248,0.31459193492150567,26.79087403155899,-2.561777589158687e-16,12.296605962553487,True
2026-04-17,39.89532438838657,0.32001969163821337,27.128034979808604,-2.562144573953454e-16,12.767289408577964,True
2026-04-20,39.71400307101677,0.318682459494854,27.05784689595896,-2.5625105945971797e-16,12.65615617505781,True
2026-04-21,39.425797390579085,0.3172536461921199,26.917819414386102,-2.562876464170451e-16,12.507977976192981,True
2026-04-22,40.399590094821164,0.3247632402825785,27.279288309539076,-2.5632423859817674e-16,13.120301785282086,True
2026-04-23,40.05410142483712,0.322178550104311,27.14952910205208,-2.5636080548885507e-16,12.904572322785041,True
2026-04-24,41.146763649554,0.3313113175284562,27.51437517278828,-2.563973775961196e-16,13.632388476765726,True
2026-04-27,41.195148988592145,0.3313453428641969,27.545328222625404,-2.564339345707655e-16,13.649820765966739,True
2026-04-28,40.57559648114235,0.32620085169481233,27.339802350968682,-2.564704662296186e-16,13.235794130173664,True
2026-04-29,40.90111498519853,0.32957174890377816,27.421262987412128,-2.565070030927833e-16,13.479851997786408,True
2026-04-30,41.531487061916806,0.33338414283581785,27.68554784708281,-2.56543545161001e-16,13.845939214833994,True
2026-05-01,42.08622439754981,0.33810254438428416,27.856764845210286,-2.565800415347783e-16,14.229459552339529,True
2026-05-04,41.923975448754106,0.3373839197463252,27.779500280504738,-2.5661644128321964e-16,14.144475168249365,True
2026-05-05,42.756021982072404,0.34345778492892076,28.071133379737574,-2.5665299894203635e-16,14.684888602334832,True
2026-05-06,44.153548084011284,0.35321619760127004,28.557799719171978,-2.566896636551996e-16,15.595748364839308,True
2026-05-07,44.042614016928496,0.35296789044301397,28.496985457777324,-2.567263336061789e-16,15.545628559151169,True
2026-05-08,45.57071868800996,0.36475394989440524,28.94861904703154,-2.5676298842209346e-16,16.622099640978423,True
2026-05-11,45.79378624713211,0.3662129562587437,29.02350840728886,-2.56799617904265e-16,16.770277839843253,True
2026-05-12,45.212897695167456,0.3612787641616617,28.878437891689718,-2.568363035629938e-16,16.334459803477742,True
2026-05-13,45.94302543636783,0.36635140892590845,29.11173333743563,-2.5687302503849505e-16,16.831292098932206,True
2026-05-14,46.53401722356021,0.3697062352874339,29.330100903037163,-2.56909721183957e-16,17.203916320523053,True
2026-05-15,45.349692514350195,0.3620149050996809,28.932427882468,-2.5694630023533786e-16,16.417264631882194,True
2026-05-18,45.05501178998462,0.35944942685470366,28.86001362514273,-2.5698288449487896e-16,16.194998164841888,True
2026-05-19,44.56707845653372,0.3565884350725062,28.674973693964752,-2.570192700088462e-16,15.892104762568966,True
2026-05-20,45.73162106715627,0.3645665528056316,29.059401620489712,-2.570557320684707e-16,16.67221944666656,True
2026-05-21,45.884021883256636,0.36544525950277096,29.11592359909909,-2.5709201568826697e-16,16.768098284157542,True
2026-05-22,46.19693095921821,0.36716805262048374,29.234893781879123,-2.5712855948210065e-16,16.962037177339084,True
2026-05-26,47.4491125410089,0.3763535800514177,29.59146916593758,-2.5716513908113046e-16,17.857643375071323,True
2026-05-27,47.36871859373053,0.37570425471331703,29.572089477748158,-2.5720169326893217e-16,17.79662911598237,True
2026-05-28,48.012945105477776,0.3797856321451361,29.77831839744418,-2.572382832721139e-16,18.234626708033595,True
2026-05-29,48.29665247871968,0.38152511819837626,29.870266433190253,-2.572749295187356e-16,18.426386045529426,True
2026-06-01,48.74944210290793,0.38459706029800145,30.000549978961917,-2.573115605688279e-16,18.74889212394601,True
2026-06-02,49.09601378710744,0.3871195106453465,30.08998895520522,-2.5734852357755057e-16,19.006024831902216,True
2026-06-03,48.80730225564368,0.38646274655989343,29.945098173748743,-2.5738547147303297e-16,18.862204081894937,True
2026-06-04,48.30210825016742,0.381256923806118,29.886595045358483,-2.5742247574045724e-16,18.415513204808942,True
2026-06-05,44.56927658628004,0.35418236281604876,28.78362489594938,-2.574594546846674e-16,15.785651690330663,True
2026-06-08,45.522421947847306,0.3620517638575635,29.040948786560925,-2.574964389409324e-16,16.481473161286377,True
2026-06-09,44.76166749200802,0.355894554037307,28.831233801973603,-2.5753342851001534e-16,15.930433690034418,True
2026-06-10,43.284805344191916,0.3458214826977937,28.315989781778082,-2.575704233926794e-16,14.968815562413834,True
2026-06-11,45.46011858570796,0.361312068848875,29.03482908939062,-2.5760742358968796e-16,16.425289496317337,True
2026-06-12,45.95036263610456,0.3645583710181365,29.198773285793635,-2.5764442910180433e-16,16.751589350310923,True
2026-06-15,48.19421208148867,0.3792856264851431,29.914840159203386,-2.576814399297921e-16,18.279371922285282,True
2026-06-16,46.813775707783016,0.36895928520516474,29.54139848488449,-2.577184560744148e-16,17.272377222898527,True
2026-06-17,45.964109127612716,0.36454339060660784,29.208196940020642,-2.5775547753643625e-16,16.75591218759207,True
2026-06-18,47.63378595313651,0.3759451791050611,29.72609376153246,-2.577925043166203e-16,17.90769219160405,True
2026-06-22,47.48703814232823,0.3757873015724602,29.642012219154207,-2.578295364157309e-16,17.84502592317402,True
2026-06-23,45.024763483304994,0.35727056709372107,28.938740700363955,-2.578665738345321e-16,16.08602278294104,True
2026-06-24,44.74674496087836,0.35480000637829795,28.87059956335065,-2.5790361657378806e-16,15.876145397527713,True
2026-06-25,45.24199445202468,0.35881529919830707,29.008474676393295,-2.579406646342631e-16,16.233519775631382,True
2026-06-26,44.26171411456852,0.3514946536593544,28.7039582414989,-2.5797771801672166e-16,15.557755873069619,True
2026-06-29,46.01579779022164,0.36332490916240506,29.297112238053764,-2.580147767219282e-16,16.718685552167877,True
2026-06-30,47.204316482496694,0.3716587657836875,29.6604184789494,-2.5805184075064734e-16,17.543898003547298,True
2026-07-01,46.191365534869476,0.3632099698899795,29.414201049772497,-2.5808891010364377e-16,16.77716448509698,True
2026-07-02,45.026917798281005,0.3528328108953228,29.13994382556088,-2.5812598478168235e-16,15.886973972720126,True
2026-07-06,46.02797219154064,0.35960544234298264,29.476062891451164,-2.5816306478552808e-16,16.551909300089477,True
2026-07-07,44.77740455684612,0.34938140992633093,29.133011819933504,-2.5820015011594595e-16,15.644392736912614,True
2026-07-08,44.879802558168905,0.35094900444724736,29.129280530590503,-2.5823724077370115e-16,15.750522027578402,True
2026-07-09,46.02954515285026,0.359216706181266,29.494963556021535,-2.5827433675955895e-16,16.53458159682873,True
2026-07-10,46.28802639437339,0.3604394363997865,29.603996248727004,-2.5831143807428476e-16,16.684030145646386,True
2026-07-13,44.942925236482914,0.350070544841751,29.20973091216526,-2.5834854471864404e-16,15.733194324317655,True
2026-07-14,45.67340247256834,0.35575806099903307,29.42472136969899,-2.5838565669340243e-16,16.248681102869355,True
2026-07-15,45.566231806940735,0.3538378914827204,29.44317242155996,-2.584227739993256e-16,16.123059385380778,True
2026-07-16,44.443042334196704,0.34474846130458775,29.121371873787737,-2.584598966371794e-16,15.321670460408967,True
2026-07-17,43.384833903310444,0.337131922901003,28.758421424746764,-2.5849702460772985e-16,14.626412478563678,True
2026-07-20,43.40270774460225,0.33759193365711226,28.750303711147453,-2.5853415791174287e-16,14.652404033454797,True
2026-07-21,44.59495436262497,0.34663392482282435,29.13683030461354,-2.5857129654998466e-16,15.458124058011427,True
2026-07-22,44.26754343719969,0.34386454416531104,29.045504791848916,-2.586084405232215e-16,15.222038645350779,True
2026-07-23,42.95047373124752,0.33433871192532544,28.5904676673597,-2.5864558983221976e-16,14.360006063887822,True
2026-07-24,42.30714185582736,0.3276478799578094,28.445296519691222,-2.586827444777459e-16,13.861845336136136,True
2026-07-27,42.13640875675986,0.325891343656548,28.40451789015786,-2.5871990446056657e-16,13.731890866602006,True
2026-07-28,41.63385020303455,0.3202529363754845,28.30048742289567,-2.5875706978144843e-16,13.333362780138877,True
2026-07-29,40.302654123642775,0.3103554784296806,27.79450462111368,-2.587942404411583e-16,12.508149502529092,True
2026-07-30,42.19598498419687,0.3249179096698606,28.485753746670795,-2.5883141644046317e-16,13.710231237526074,True
2026-07-31,42.676946986669144,0.327955337622622,28.680814428953322,-2.5886859778013e-16,13.996132557715821,True
2026-08-03,43.856406651558274,0.3356304800564701,29.136859833544,-2.5890578446092595e-16,14.719546818014273,True
2026-08-04,46.09973781783571,0.35152832237819076,29.894374320657487,-2.5894297648361833e-16,16.205363497178222,True
2026-08-05,45.505788267703025,0.3466924215705962,29.729276337694234,-2.589801738489744e-16,15.77651193000879,True
2026-08-06,45.25168359982101,0.3447622770619403,29.650610121060254,-2.590173765577618e-16,15.60107347876075,True
2026-08-07,46.04467080370016,0.35030236028296674,29.91511394271178,-2.59054584610748e-16,16.129556860988373,True
2026-08-10,45.85042105074338,0.3486214673258081,29.8659799865271,-2.590917980087007e-16,15.984441064216277,True
2026-08-11,45.5922969822833,0.3470797335324996,29.768134694537824,-2.5912901675238776e-16,15.824162287745473,True
2026-08-12,46.07189119845504,0.35070653101349925,29.914178059013505,-2.5916624084257707e-16,16.157713139441537,True
2026-08-13,46.90154927908158,0.35627867218429593,30.191527578544076,-2.5920347028003667e-16,16.710021700537506,True
2026-08-14,46.77307035299387,0.35559026941792987,30.141021664668994,-2.5924070506553464e-16,16.63204868832488,True
2026-08-17,46.59261859975257,0.3551545008159841,30.045040399247913,-2.592779451998393e-16,16.54757820050466,True
2026-08-18,45.39852213976176,0.34603261086533144,29.689152994312444,-2.59315190683719e-16,15.709369145449314,True
2026-08-19,45.29828031450535,0.344551070062819,29.690709360137003,-2.593524415179422e-16,15.607570954368345,True
2026-08-20,44.724600554716126,0.3413190439750711,29.459242651213483,-2.593896977032775e-16,15.265357903502643,True
2026-08-21,44.98631457616702,0.3426554263243885,29.571509776307458,-2.5942695924049356e-16,15.414804799859562,True
2026-08-24,44.327472517234824,0.3371942393790457,29.380504138190272,-2.594642261303592e-16,14.946968379044549,True
2026-08-25,44.73883727507053,0.34019373761885513,29.51896500574253,-2.5950149837364334e-16,15.219872269328,True
2026-08-26,44.798932389479596,0.3407043586392299,29.535740861999727,-2.59538775971115e-16,15.263191527479867,True
2026-08-27,45.710856816285904,0.3473167318069467,29.834711418758193,-2.5957605892354327e-16,15.876145397527713,True
2026-08-28,45.26613026473594,0.34379097311037216,29.704043292081504,-2.5961334723169744e-16,15.562086972654438,True
2026-08-31,45.24373261497808,0.3442962682246847,29.666484315085672,-2.5965064089634687e-16,15.577248299892407,True
